12
150
1 59
2 23
3 3
4 85
5 5
6 55
7 36
8 9
9 12
10 69
11 87
12 80
13 20
14 73
15 87
16 4
17 12
18 58
19 13
20 81
21 68
22 80
23 35
24 84
25 25
26 30
27 71
28 68
29 27
30 61
31 55
32 77
33 0
34 64
35 70
36 51
37 87
38 56
39 52
40 53
41 32
42 12
43 40
44 0
45 15
46 3
47 59
48 2
49 37
50 10
51 39
52 97
53 8
54 2
55 2
56 89
57 3
58 66
59 24
60 8
61 85
62 70
63 34
64 46
65 22
66 64
67 44
68 53
69 3
70 72
71 47
72 4
73 72
74 23
75 85
76 21
77 37
78 8
79 88
80 23
81 78
82 8
83 49
84 22
85 0
86 88
87 26
88 98
89 76
90 41
91 58
92 95
93 19
94 72
95 44
96 93
97 17
98 44
99 32
100 54
101 96
102 69
103 77
104 65
105 57
106 19
107 58
108 11
109 29
110 48
111 40
112 4
113 85
114 7
115 32
116 37
117 20
118 82
119 19
120 20
121 58
122 11
123 61
124 53
125 47
126 79
127 32
128 9
129 74
130 72
131 74
132 76
133 8
134 57
135 26
136 49
137 41
138 60
139 34
140 21
141 20
142 23
143 53
144 93
145 4
146 64
147 7
148 94
149 4
150 16
