18
350
1 92
2 42
3 69
4 48
5 38
6 27
7 99
8 45
9 66
10 77
11 4
12 45
13 88
14 34
15 90
16 24
17 71
18 4
19 52
20 45
21 15
22 70
23 42
24 43
25 20
26 96
27 80
28 26
29 39
30 16
31 77
32 25
33 77
34 85
35 89
36 64
37 30
38 29
39 12
40 14
41 43
42 8
43 64
44 98
45 15
46 25
47 43
48 36
49 92
50 58
51 5
52 8
53 58
54 0
55 72
56 2
57 42
58 60
59 25
60 28
61 81
62 32
63 84
64 97
65 8
66 47
67 80
68 15
69 52
70 64
71 73
72 37
73 87
74 98
75 15
76 51
77 49
78 9
79 0
80 94
81 86
82 0
83 83
84 7
85 37
86 25
87 52
88 16
89 90
90 57
91 96
92 88
93 52
94 49
95 73
96 1
97 21
98 18
99 74
100 56
101 40
102 44
103 97
104 24
105 98
106 39
107 75
108 90
109 3
110 63
111 62
112 73
113 91
114 91
115 30
116 3
117 16
118 8
119 61
120 5
121 49
122 23
123 73
124 25
125 49
126 61
127 36
128 57
129 76
130 32
131 36
132 43
133 31
134 84
135 21
136 88
137 12
138 72
139 94
140 2
141 56
142 46
143 28
144 23
145 64
146 57
147 39
148 91
149 47
150 94
151 48
152 98
153 38
154 3
155 44
156 51
157 3
158 1
159 34
160 5
161 28
162 84
163 64
164 57
165 68
166 65
167 72
168 89
169 0
170 31
171 82
172 36
173 84
174 83
175 3
176 30
177 49
178 67
179 44
180 67
181 3
182 31
183 65
184 9
185 32
186 80
187 13
188 95
189 86
190 28
191 82
192 89
193 7
194 94
195 87
196 17
197 11
198 10
199 95
200 79
201 12
202 38
203 98
204 46
205 47
206 94
207 66
208 48
209 74
210 70
211 70
212 76
213 94
214 38
215 39
216 63
217 46
218 77
219 8
220 0
221 11
222 83
223 65
224 93
225 83
226 34
227 58
228 24
229 61
230 73
231 69
232 54
233 90
234 4
235 73
236 99
237 98
238 47
239 90
240 75
241 94
242 25
243 90
244 22
245 27
246 28
247 90
248 83
249 73
250 68
251 66
252 51
253 73
254 82
255 15
256 60
257 1
258 21
259 39
260 49
261 73
262 71
263 27
264 46
265 19
266 17
267 25
268 36
269 24
270 37
271 18
272 8
273 66
274 52
275 34
276 19
277 55
278 77
279 19
280 83
281 89
282 21
283 9
284 27
285 92
286 41
287 43
288 80
289 92
290 85
291 91
292 44
293 31
294 67
295 20
296 30
297 66
298 17
299 61
300 16
301 41
302 76
303 43
304 23
305 22
306 95
307 67
308 2
309 20
310 84
311 98
312 58
313 69
314 18
315 70
316 44
317 4
318 83
319 14
320 92
321 18
322 12
323 95
324 54
325 35
326 19
327 93
328 24
329 81
330 73
331 53
332 12
333 94
334 50
335 92
336 96
337 58
338 26
339 10
340 8
341 77
342 58
343 30
344 79
345 50
346 88
347 98
348 67
349 46
350 8
