10
100
1 58
2 72
3 72
4 47
5 94
6 19
7 98
8 63
9 33
10 62
11 4
12 94
13 10
14 71
15 72
16 35
17 72
18 86
19 40
20 57
21 15
22 42
23 12
24 87
25 63
26 67
27 76
28 34
29 29
30 43
31 6
32 49
33 94
34 50
35 11
36 25
37 91
38 51
39 54
40 14
41 83
42 88
43 47
44 15
45 89
46 65
47 81
48 42
49 46
50 6
51 95
52 47
53 15
54 12
55 58
56 99
57 96
58 31
59 0
60 48
61 47
62 17
63 54
64 40
65 84
66 29
67 83
68 64
69 7
70 31
71 4
72 52
73 16
74 57
75 24
76 84
77 28
78 32
79 73
80 85
81 28
82 42
83 58
84 90
85 99
86 67
87 20
88 7
89 50
90 62
91 44
92 17
93 4
94 94
95 50
96 52
97 76
98 82
99 52
100 93
