22
500
1 4
2 99
3 33
4 36
5 66
6 73
7 88
8 19
9 96
10 31
11 20
12 38
13 36
14 34
15 76
16 29
17 96
18 80
19 84
20 32
21 25
22 53
23 91
24 43
25 19
26 94
27 46
28 15
29 14
30 59
31 76
32 97
33 91
34 3
35 19
36 37
37 1
38 0
39 18
40 87
41 71
42 64
43 29
44 19
45 66
46 32
47 2
48 0
49 17
50 19
51 80
52 69
53 49
54 3
55 25
56 16
57 84
58 4
59 11
60 34
61 22
62 34
63 56
64 63
65 54
66 6
67 52
68 59
69 87
70 44
71 78
72 6
73 6
74 48
75 58
76 6
77 1
78 27
79 16
80 15
81 6
82 30
83 90
84 93
85 14
86 71
87 77
88 82
89 38
90 87
91 20
92 50
93 72
94 60
95 61
96 7
97 71
98 27
99 59
100 93
101 32
102 33
103 58
104 96
105 53
106 20
107 70
108 47
109 64
110 29
111 77
112 74
113 29
114 42
115 7
116 75
117 57
118 18
119 73
120 13
121 59
122 56
123 60
124 41
125 9
126 49
127 0
128 30
129 32
130 78
131 64
132 96
133 73
134 63
135 88
136 90
137 80
138 71
139 1
140 98
141 51
142 76
143 87
144 89
145 13
146 66
147 77
148 64
149 93
150 76
151 70
152 93
153 1
154 22
155 16
156 28
157 80
158 19
159 25
160 3
161 32
162 8
163 95
164 84
165 42
166 82
167 49
168 26
169 79
170 85
171 92
172 22
173 67
174 81
175 80
176 57
177 49
178 10
179 35
180 31
181 15
182 65
183 36
184 71
185 34
186 54
187 78
188 10
189 34
190 49
191 80
192 22
193 50
194 36
195 69
196 0
197 46
198 58
199 56
200 46
201 6
202 99
203 54
204 75
205 72
206 97
207 37
208 88
209 19
210 71
211 81
212 97
213 11
214 12
215 18
216 29
217 48
218 83
219 61
220 44
221 78
222 59
223 84
224 87
225 0
226 62
227 49
228 29
229 82
230 71
231 79
232 84
233 41
234 12
235 3
236 35
237 29
238 62
239 62
240 96
241 2
242 92
243 52
244 10
245 32
246 23
247 34
248 33
249 17
250 10
251 89
252 42
253 65
254 52
255 2
256 94
257 29
258 71
259 95
260 43
261 69
262 72
263 24
264 22
265 84
266 93
267 99
268 67
269 51
270 97
271 62
272 44
273 10
274 46
275 66
276 82
277 90
278 61
279 62
280 78
281 84
282 13
283 62
284 55
285 23
286 34
287 10
288 4
289 29
290 67
291 71
292 33
293 55
294 43
295 24
296 88
297 60
298 13
299 63
300 54
301 13
302 58
303 51
304 52
305 74
306 96
307 94
308 12
309 42
310 37
311 79
312 4
313 4
314 71
315 93
316 52
317 39
318 43
319 68
320 79
321 63
322 40
323 58
324 32
325 2
326 42
327 95
328 16
329 75
330 37
331 14
332 38
333 68
334 92
335 11
336 60
337 36
338 70
339 29
340 73
341 11
342 85
343 33
344 44
345 55
346 29
347 61
348 44
349 21
350 12
351 48
352 97
353 69
354 32
355 67
356 20
357 79
358 71
359 77
360 95
361 26
362 96
363 16
364 36
365 55
366 61
367 11
368 8
369 55
370 69
371 81
372 92
373 42
374 67
375 67
376 0
377 12
378 74
379 99
380 81
381 62
382 37
383 37
384 85
385 86
386 23
387 98
388 68
389 5
390 76
391 53
392 86
393 9
394 6
395 90
396 80
397 35
398 12
399 58
400 61
401 63
402 36
403 89
404 18
405 47
406 80
407 94
408 30
409 35
410 63
411 29
412 45
413 90
414 19
415 36
416 59
417 86
418 60
419 28
420 25
421 94
422 18
423 8
424 23
425 81
426 28
427 18
428 45
429 3
430 64
431 78
432 1
433 88
434 60
435 45
436 63
437 81
438 40
439 86
440 65
441 71
442 62
443 57
444 96
445 68
446 84
447 5
448 63
449 57
450 67
451 8
452 31
453 22
454 69
455 10
456 44
457 68
458 61
459 82
460 56
461 32
462 43
463 45
464 38
465 30
466 92
467 81
468 19
469 13
470 99
471 55
472 49
473 26
474 18
475 3
476 39
477 20
478 64
479 56
480 57
481 11
482 97
483 74
484 25
485 94
486 29
487 27
488 92
489 35
490 93
491 90
492 33
493 49
494 83
495 96
496 3
497 45
498 45
499 30
500 37
