22
500
1 18
2 52
3 17
4 34
5 28
6 59
7 61
8 85
9 90
10 10
11 60
12 99
13 26
14 28
15 20
16 54
17 77
18 39
19 19
20 29
21 32
22 40
23 21
24 86
25 39
26 67
27 92
28 57
29 82
30 52
31 71
32 20
33 22
34 49
35 64
36 5
37 66
38 68
39 47
40 54
41 79
42 79
43 47
44 52
45 47
46 11
47 47
48 16
49 67
50 10
51 7
52 47
53 41
54 67
55 50
56 48
57 35
58 9
59 76
60 75
61 58
62 99
63 5
64 5
65 79
66 95
67 93
68 55
69 4
70 33
71 28
72 81
73 72
74 31
75 9
76 2
77 84
78 95
79 94
80 41
81 49
82 69
83 10
84 90
85 91
86 7
87 99
88 22
89 69
90 48
91 49
92 69
93 52
94 81
95 41
96 75
97 23
98 99
99 47
100 58
101 55
102 98
103 74
104 47
105 96
106 41
107 41
108 44
109 48
110 24
111 95
112 97
113 51
114 11
115 44
116 40
117 14
118 26
119 12
120 92
121 72
122 51
123 62
124 5
125 55
126 54
127 81
128 18
129 0
130 44
131 26
132 91
133 18
134 82
135 53
136 23
137 10
138 82
139 39
140 94
141 11
142 94
143 23
144 77
145 85
146 25
147 70
148 15
149 45
150 62
151 16
152 18
153 75
154 34
155 7
156 87
157 72
158 90
159 18
160 19
161 16
162 59
163 27
164 65
165 67
166 63
167 79
168 49
169 40
170 77
171 84
172 18
173 78
174 69
175 53
176 23
177 87
178 21
179 7
180 83
181 68
182 20
183 32
184 13
185 60
186 6
187 24
188 4
189 39
190 9
191 95
192 65
193 17
194 87
195 5
196 58
197 98
198 60
199 82
200 25
201 41
202 75
203 87
204 70
205 1
206 5
207 79
208 41
209 18
210 70
211 71
212 62
213 64
214 84
215 44
216 24
217 74
218 14
219 73
220 24
221 22
222 10
223 33
224 84
225 17
226 12
227 52
228 90
229 64
230 4
231 20
232 35
233 88
234 23
235 28
236 46
237 91
238 69
239 91
240 66
241 96
242 61
243 42
244 50
245 89
246 30
247 67
248 78
249 97
250 79
251 79
252 51
253 20
254 91
255 29
256 88
257 7
258 47
259 73
260 70
261 96
262 29
263 99
264 16
265 23
266 29
267 79
268 8
269 37
270 23
271 66
272 78
273 18
274 20
275 37
276 63
277 46
278 98
279 59
280 21
281 84
282 36
283 29
284 72
285 91
286 35
287 65
288 45
289 58
290 59
291 39
292 46
293 87
294 9
295 75
296 82
297 37
298 94
299 81
300 94
301 66
302 89
303 4
304 94
305 84
306 59
307 35
308 75
309 24
310 16
311 58
312 45
313 41
314 21
315 4
316 56
317 59
318 13
319 53
320 91
321 12
322 69
323 62
324 50
325 85
326 97
327 90
328 95
329 10
330 81
331 21
332 16
333 3
334 81
335 21
336 64
337 66
338 29
339 68
340 16
341 22
342 4
343 61
344 36
345 31
346 99
347 2
348 50
349 73
350 22
351 31
352 95
353 64
354 36
355 54
356 5
357 9
358 14
359 10
360 66
361 26
362 46
363 84
364 72
365 27
366 25
367 64
368 29
369 5
370 86
371 77
372 58
373 57
374 89
375 3
376 67
377 18
378 9
379 57
380 27
381 89
382 31
383 85
384 31
385 77
386 57
387 24
388 52
389 47
390 50
391 72
392 27
393 69
394 14
395 68
396 84
397 91
398 50
399 6
400 30
401 11
402 43
403 16
404 6
405 92
406 37
407 98
408 67
409 42
410 72
411 49
412 35
413 46
414 6
415 44
416 97
417 49
418 23
419 51
420 51
421 40
422 70
423 64
424 26
425 66
426 69
427 3
428 40
429 62
430 4
431 79
432 2
433 81
434 23
435 71
436 8
437 4
438 86
439 96
440 83
441 79
442 43
443 36
444 34
445 25
446 44
447 88
448 8
449 3
450 18
451 19
452 69
453 12
454 94
455 78
456 35
457 31
458 70
459 76
460 30
461 89
462 39
463 31
464 5
465 96
466 74
467 42
468 44
469 21
470 82
471 54
472 67
473 73
474 11
475 12
476 59
477 41
478 69
479 29
480 80
481 79
482 31
483 73
484 3
485 98
486 81
487 89
488 91
489 99
490 5
491 88
492 84
493 52
494 43
495 17
496 19
497 90
498 73
499 75
500 61
