15
250
1 0
2 38
3 86
4 69
5 22
6 77
7 72
8 29
9 61
10 25
11 99
12 21
13 55
14 64
15 75
16 58
17 93
18 34
19 96
20 5
21 45
22 46
23 5
24 7
25 97
26 96
27 29
28 44
29 59
30 43
31 92
32 2
33 16
34 90
35 67
36 73
37 96
38 90
39 1
40 13
41 31
42 22
43 13
44 16
45 42
46 92
47 29
48 30
49 21
50 76
51 90
52 79
53 18
54 43
55 27
56 49
57 68
58 82
59 44
60 71
61 45
62 29
63 60
64 31
65 98
66 23
67 30
68 39
69 88
70 36
71 45
72 34
73 76
74 95
75 7
76 50
77 96
78 89
79 80
80 61
81 46
82 70
83 72
84 58
85 82
86 63
87 43
88 86
89 0
90 78
91 14
92 37
93 32
94 51
95 82
96 87
97 34
98 27
99 49
100 0
101 34
102 59
103 29
104 80
105 16
106 74
107 69
108 3
109 38
110 88
111 19
112 13
113 14
114 17
115 12
116 42
117 19
118 62
119 95
120 22
121 25
122 6
123 93
124 87
125 21
126 76
127 91
128 60
129 91
130 73
131 79
132 35
133 39
134 6
135 16
136 87
137 43
138 53
139 95
140 40
141 67
142 77
143 22
144 95
145 74
146 95
147 41
148 81
149 77
150 95
151 26
152 93
153 59
154 12
155 39
156 3
157 63
158 69
159 34
160 73
161 71
162 9
163 95
164 80
165 30
166 98
167 38
168 83
169 56
170 19
171 33
172 12
173 43
174 79
175 11
176 7
177 46
178 46
179 70
180 2
181 62
182 55
183 98
184 83
185 49
186 39
187 3
188 5
189 22
190 86
191 40
192 89
193 80
194 23
195 51
196 16
197 99
198 7
199 96
200 87
201 25
202 95
203 79
204 40
205 22
206 15
207 31
208 69
209 46
210 69
211 9
212 66
213 4
214 26
215 15
216 7
217 96
218 75
219 24
220 44
221 11
222 54
223 8
224 10
225 39
226 92
227 6
228 3
229 2
230 41
231 94
232 57
233 40
234 44
235 74
236 19
237 1
238 65
239 68
240 81
241 37
242 16
243 97
244 87
245 38
246 75
247 38
248 91
249 92
250 72
