18
350
1 67
2 51
3 73
4 53
5 29
6 46
7 10
8 28
9 33
10 86
11 6
12 67
13 57
14 43
15 70
16 97
17 66
18 47
19 42
20 34
21 37
22 91
23 30
24 11
25 59
26 24
27 81
28 20
29 95
30 51
31 89
32 82
33 66
34 86
35 82
36 4
37 43
38 93
39 11
40 25
41 53
42 74
43 86
44 81
45 69
46 46
47 73
48 6
49 40
50 84
51 25
52 45
53 66
54 7
55 80
56 94
57 11
58 51
59 55
60 5
61 22
62 73
63 17
64 55
65 5
66 53
67 8
68 13
69 67
70 70
71 94
72 35
73 37
74 90
75 93
76 82
77 17
78 47
79 3
80 28
81 3
82 54
83 24
84 25
85 63
86 58
87 42
88 4
89 19
90 41
91 19
92 35
93 4
94 68
95 11
96 8
97 97
98 77
99 41
100 56
101 75
102 66
103 67
104 42
105 56
106 95
107 99
108 66
109 16
110 61
111 1
112 60
113 23
114 47
115 15
116 25
117 54
118 35
119 28
120 56
121 86
122 18
123 44
124 86
125 11
126 32
127 62
128 0
129 69
130 88
131 11
132 78
133 93
134 48
135 75
136 13
137 78
138 57
139 7
140 45
141 52
142 45
143 98
144 42
145 3
146 73
147 30
148 41
149 50
150 51
151 42
152 40
153 85
154 54
155 97
156 38
157 97
158 14
159 6
160 60
161 70
162 70
163 27
164 13
165 99
166 88
167 53
168 62
169 32
170 64
171 98
172 51
173 56
174 41
175 74
176 29
177 39
178 74
179 76
180 85
181 62
182 36
183 53
184 38
185 95
186 25
187 27
188 83
189 4
190 17
191 79
192 0
193 23
194 33
195 41
196 71
197 24
198 7
199 22
200 74
201 50
202 76
203 72
204 21
205 36
206 57
207 86
208 78
209 4
210 12
211 22
212 14
213 52
214 14
215 12
216 42
217 70
218 87
219 22
220 42
221 94
222 54
223 50
224 19
225 45
226 80
227 41
228 3
229 35
230 12
231 92
232 56
233 35
234 41
235 49
236 61
237 49
238 80
239 85
240 1
241 58
242 4
243 84
244 6
245 67
246 83
247 7
248 65
249 98
250 56
251 57
252 33
253 9
254 16
255 10
256 82
257 47
258 47
259 58
260 77
261 38
262 19
263 21
264 82
265 7
266 43
267 32
268 41
269 41
270 66
271 15
272 37
273 32
274 66
275 30
276 71
277 90
278 2
279 71
280 51
281 48
282 28
283 22
284 30
285 51
286 79
287 59
288 77
289 43
290 41
291 5
292 81
293 48
294 13
295 28
296 12
297 16
298 74
299 66
300 52
301 25
302 67
303 16
304 43
305 15
306 70
307 48
308 40
309 63
310 68
311 11
312 96
313 39
314 62
315 39
316 16
317 15
318 20
319 38
320 55
321 17
322 28
323 6
324 48
325 33
326 82
327 94
328 28
329 71
330 41
331 15
332 14
333 73
334 9
335 69
336 11
337 90
338 96
339 77
340 89
341 37
342 31
343 95
344 39
345 72
346 96
347 77
348 3
349 84
350 99
