10
100
1 51
2 61
3 82
4 20
5 29
6 10
7 50
8 82
9 79
10 55
11 73
12 51
13 57
14 59
15 42
16 50
17 83
18 83
19 14
20 90
21 47
22 18
23 19
24 69
25 84
26 18
27 41
28 68
29 50
30 58
31 0
32 6
33 9
34 99
35 21
36 98
37 65
38 76
39 58
40 3
41 17
42 66
43 32
44 92
45 77
46 56
47 85
48 17
49 10
50 64
51 83
52 85
53 96
54 83
55 4
56 48
57 71
58 84
59 95
60 1
61 34
62 33
63 76
64 10
65 82
66 45
67 69
68 24
69 20
70 98
71 64
72 23
73 62
74 75
75 71
76 37
77 88
78 30
79 6
80 35
81 85
82 81
83 43
84 54
85 66
86 90
87 52
88 76
89 34
90 93
91 54
92 92
93 61
94 86
95 28
96 43
97 81
98 53
99 74
100 77
