18
350
1 66
2 20
3 46
4 7
5 67
6 99
7 41
8 71
9 26
10 31
11 86
12 77
13 70
14 17
15 5
16 56
17 49
18 78
19 24
20 11
21 77
22 75
23 61
24 34
25 15
26 97
27 0
28 3
29 60
30 63
31 13
32 57
33 99
34 99
35 52
36 64
37 24
38 95
39 58
40 56
41 47
42 58
43 13
44 11
45 65
46 90
47 1
48 15
49 28
50 79
51 66
52 80
53 66
54 42
55 18
56 40
57 71
58 56
59 15
60 12
61 43
62 87
63 50
64 63
65 72
66 32
67 63
68 67
69 10
70 47
71 61
72 39
73 54
74 4
75 35
76 85
77 57
78 10
79 13
80 28
81 33
82 37
83 16
84 10
85 54
86 8
87 96
88 33
89 78
90 26
91 40
92 84
93 79
94 80
95 41
96 57
97 57
98 24
99 76
100 33
101 29
102 64
103 54
104 64
105 2
106 78
107 19
108 31
109 20
110 52
111 55
112 64
113 68
114 52
115 97
116 93
117 8
118 42
119 89
120 6
121 44
122 85
123 52
124 77
125 97
126 12
127 0
128 83
129 3
130 91
131 63
132 26
133 48
134 19
135 34
136 22
137 7
138 23
139 49
140 13
141 96
142 88
143 20
144 26
145 89
146 20
147 86
148 53
149 66
150 3
151 87
152 10
153 29
154 54
155 69
156 72
157 80
158 17
159 36
160 66
161 21
162 64
163 63
164 78
165 93
166 19
167 11
168 1
169 38
170 84
171 46
172 15
173 94
174 62
175 52
176 51
177 8
178 64
179 30
180 2
181 90
182 58
183 41
184 25
185 14
186 56
187 23
188 10
189 50
190 58
191 90
192 74
193 55
194 48
195 12
196 57
197 26
198 64
199 10
200 33
201 98
202 21
203 46
204 28
205 14
206 59
207 80
208 10
209 90
210 17
211 94
212 56
213 9
214 94
215 47
216 92
217 66
218 0
219 98
220 57
221 21
222 79
223 36
224 30
225 86
226 19
227 35
228 62
229 91
230 10
231 7
232 67
233 7
234 81
235 72
236 50
237 95
238 81
239 74
240 43
241 30
242 74
243 85
244 47
245 74
246 28
247 16
248 14
249 81
250 42
251 80
252 46
253 71
254 80
255 95
256 86
257 0
258 0
259 12
260 31
261 78
262 13
263 67
264 55
265 69
266 29
267 44
268 43
269 99
270 50
271 84
272 67
273 5
274 88
275 28
276 86
277 35
278 73
279 10
280 64
281 60
282 2
283 4
284 69
285 8
286 93
287 52
288 78
289 23
290 48
291 34
292 47
293 1
294 6
295 4
296 91
297 61
298 37
299 83
300 33
301 88
302 81
303 28
304 78
305 97
306 55
307 94
308 27
309 90
310 70
311 16
312 33
313 22
314 3
315 96
316 74
317 82
318 19
319 17
320 39
321 55
322 15
323 46
324 25
325 53
326 31
327 3
328 62
329 86
330 57
331 5
332 2
333 35
334 78
335 20
336 42
337 60
338 38
339 80
340 76
341 28
342 45
343 26
344 61
345 51
346 33
347 44
348 24
349 55
350 24
