10
100
1 46
2 16
3 30
4 89
5 85
6 25
7 28
8 15
9 62
10 75
11 57
12 22
13 45
14 67
15 88
16 61
17 14
18 59
19 6
20 30
21 42
22 11
23 96
24 73
25 75
26 8
27 99
28 41
29 37
30 61
31 1
32 67
33 36
34 61
35 64
36 59
37 99
38 90
39 52
40 41
41 88
42 7
43 72
44 9
45 82
46 0
47 85
48 62
49 60
50 19
51 13
52 68
53 76
54 82
55 55
56 36
57 32
58 70
59 4
60 3
61 2
62 19
63 58
64 40
65 63
66 70
67 6
68 86
69 18
70 0
71 36
72 62
73 62
74 72
75 91
76 34
77 9
78 60
79 63
80 76
81 45
82 76
83 2
84 17
85 32
86 25
87 71
88 30
89 1
90 66
91 7
92 72
93 87
94 86
95 18
96 12
97 86
98 85
99 3
100 27
