18
350
1 2
2 9
3 86
4 58
5 65
6 4
7 20
8 0
9 94
10 48
11 70
12 30
13 95
14 91
15 97
16 53
17 25
18 80
19 30
20 8
21 58
22 50
23 56
24 35
25 71
26 1
27 71
28 0
29 71
30 84
31 12
32 26
33 59
34 71
35 42
36 40
37 98
38 79
39 87
40 42
41 4
42 12
43 73
44 63
45 90
46 92
47 41
48 57
49 28
50 51
51 42
52 18
53 75
54 99
55 0
56 19
57 32
58 69
59 67
60 16
61 11
62 25
63 38
64 3
65 77
66 40
67 48
68 62
69 8
70 96
71 13
72 25
73 88
74 66
75 59
76 25
77 15
78 3
79 66
80 24
81 7
82 32
83 31
84 73
85 32
86 93
87 9
88 3
89 13
90 32
91 88
92 90
93 51
94 96
95 41
96 94
97 69
98 57
99 16
100 96
101 68
102 83
103 98
104 47
105 7
106 4
107 73
108 20
109 51
110 42
111 6
112 31
113 12
114 34
115 40
116 99
117 80
118 14
119 46
120 44
121 94
122 62
123 7
124 91
125 96
126 52
127 95
128 78
129 98
130 37
131 99
132 22
133 98
134 0
135 62
136 55
137 63
138 46
139 67
140 88
141 50
142 84
143 94
144 29
145 41
146 14
147 34
148 30
149 73
150 32
151 49
152 9
153 24
154 47
155 40
156 23
157 86
158 77
159 43
160 83
161 52
162 54
163 37
164 56
165 34
166 92
167 9
168 2
169 31
170 46
171 44
172 25
173 48
174 89
175 75
176 50
177 78
178 95
179 56
180 32
181 1
182 66
183 53
184 26
185 5
186 30
187 34
188 10
189 73
190 59
191 29
192 38
193 43
194 90
195 89
196 78
197 19
198 61
199 63
200 79
201 84
202 86
203 48
204 55
205 81
206 21
207 87
208 87
209 45
210 3
211 3
212 43
213 37
214 4
215 54
216 12
217 3
218 79
219 82
220 48
221 8
222 66
223 13
224 22
225 36
226 25
227 24
228 92
229 78
230 13
231 72
232 95
233 96
234 74
235 8
236 38
237 56
238 76
239 31
240 80
241 20
242 71
243 55
244 4
245 44
246 46
247 0
248 10
249 62
250 92
251 79
252 57
253 32
254 86
255 19
256 71
257 78
258 0
259 77
260 85
261 39
262 67
263 36
264 89
265 30
266 3
267 19
268 58
269 86
270 23
271 4
272 39
273 43
274 62
275 55
276 27
277 40
278 89
279 28
280 17
281 88
282 99
283 10
284 8
285 21
286 52
287 39
288 86
289 22
290 19
291 25
292 51
293 22
294 51
295 7
296 69
297 30
298 17
299 90
300 22
301 67
302 72
303 56
304 11
305 4
306 10
307 47
308 84
309 35
310 79
311 60
312 68
313 7
314 17
315 34
316 71
317 7
318 47
319 45
320 99
321 14
322 26
323 27
324 64
325 67
326 97
327 1
328 56
329 33
330 8
331 21
332 4
333 34
334 77
335 5
336 29
337 85
338 76
339 28
340 35
341 74
342 18
343 61
344 52
345 79
346 61
347 40
348 44
349 54
350 63
