21
450
1 80
2 40
3 64
4 38
5 47
6 83
7 22
8 73
9 53
10 99
11 20
12 46
13 12
14 54
15 85
16 76
17 80
18 39
19 8
20 35
21 82
22 53
23 98
24 29
25 91
26 69
27 91
28 16
29 28
30 55
31 57
32 10
33 55
34 6
35 76
36 45
37 34
38 38
39 93
40 75
41 35
42 4
43 74
44 13
45 83
46 69
47 64
48 84
49 33
50 23
51 68
52 69
53 80
54 45
55 48
56 92
57 5
58 62
59 5
60 52
61 59
62 22
63 22
64 58
65 59
66 49
67 88
68 87
69 76
70 25
71 78
72 11
73 53
74 19
75 85
76 12
77 58
78 33
79 65
80 32
81 2
82 7
83 54
84 16
85 38
86 48
87 33
88 11
89 52
90 76
91 51
92 67
93 55
94 96
95 40
96 58
97 82
98 50
99 70
100 20
101 60
102 48
103 21
104 65
105 18
106 32
107 43
108 87
109 20
110 2
111 21
112 79
113 84
114 74
115 8
116 69
117 73
118 56
119 94
120 21
121 16
122 62
123 82
124 28
125 4
126 65
127 39
128 92
129 39
130 65
131 33
132 77
133 86
134 59
135 22
136 98
137 62
138 44
139 71
140 48
141 86
142 8
143 7
144 89
145 17
146 32
147 98
148 20
149 32
150 83
151 15
152 56
153 17
154 80
155 45
156 88
157 59
158 81
159 31
160 15
161 78
162 20
163 6
164 90
165 76
166 86
167 0
168 80
169 21
170 66
171 66
172 21
173 88
174 91
175 9
176 10
177 74
178 66
179 78
180 44
181 16
182 59
183 40
184 35
185 11
186 67
187 20
188 63
189 76
190 84
191 51
192 44
193 75
194 81
195 44
196 23
197 79
198 56
199 60
200 97
201 67
202 99
203 39
204 38
205 37
206 19
207 61
208 6
209 32
210 16
211 14
212 70
213 73
214 21
215 29
216 39
217 2
218 91
219 59
220 88
221 54
222 46
223 76
224 61
225 66
226 16
227 99
228 47
229 82
230 15
231 46
232 64
233 60
234 50
235 70
236 24
237 49
238 64
239 16
240 58
241 49
242 60
243 46
244 57
245 74
246 33
247 81
248 18
249 62
250 78
251 19
252 89
253 6
254 71
255 86
256 76
257 83
258 96
259 19
260 51
261 58
262 38
263 46
264 17
265 36
266 91
267 15
268 7
269 65
270 37
271 62
272 37
273 15
274 37
275 84
276 86
277 19
278 27
279 81
280 50
281 67
282 14
283 83
284 75
285 23
286 26
287 89
288 11
289 98
290 29
291 61
292 18
293 82
294 84
295 68
296 40
297 52
298 35
299 46
300 63
301 65
302 12
303 95
304 6
305 24
306 4
307 2
308 33
309 29
310 99
311 41
312 41
313 73
314 51
315 59
316 33
317 14
318 5
319 60
320 52
321 43
322 80
323 40
324 42
325 43
326 54
327 35
328 37
329 94
330 17
331 80
332 23
333 76
334 51
335 94
336 11
337 74
338 3
339 79
340 46
341 4
342 13
343 21
344 73
345 77
346 20
347 99
348 97
349 86
350 46
351 5
352 98
353 90
354 96
355 32
356 28
357 80
358 85
359 56
360 44
361 39
362 50
363 76
364 76
365 2
366 48
367 68
368 83
369 39
370 37
371 39
372 52
373 23
374 52
375 5
376 13
377 49
378 29
379 28
380 95
381 64
382 66
383 42
384 49
385 91
386 90
387 65
388 63
389 31
390 87
391 83
392 6
393 51
394 17
395 63
396 57
397 81
398 37
399 93
400 31
401 77
402 27
403 99
404 24
405 23
406 2
407 36
408 77
409 66
410 15
411 85
412 33
413 96
414 9
415 0
416 42
417 86
418 85
419 76
420 25
421 8
422 37
423 76
424 30
425 58
426 98
427 96
428 76
429 34
430 55
431 13
432 97
433 67
434 28
435 70
436 17
437 51
438 57
439 71
440 62
441 64
442 49
443 43
444 25
445 29
446 12
447 82
448 55
449 79
450 85
