24
600
1 49
2 75
3 75
4 55
5 42
6 88
7 65
8 66
9 56
10 93
11 83
12 52
13 81
14 88
15 1
16 34
17 75
18 2
19 64
20 44
21 38
22 36
23 30
24 1
25 9
26 90
27 60
28 95
29 1
30 14
31 34
32 70
33 41
34 24
35 83
36 69
37 17
38 44
39 85
40 7
41 85
42 44
43 92
44 28
45 69
46 85
47 56
48 89
49 19
50 41
51 46
52 38
53 51
54 63
55 92
56 87
57 47
58 42
59 92
60 62
61 87
62 35
63 18
64 17
65 43
66 63
67 14
68 75
69 4
70 10
71 37
72 60
73 77
74 87
75 21
76 22
77 42
78 32
79 39
80 36
81 68
82 12
83 66
84 82
85 49
86 12
87 54
88 79
89 7
90 76
91 46
92 56
93 16
94 37
95 81
96 53
97 52
98 72
99 79
100 98
101 18
102 52
103 95
104 92
105 94
106 61
107 5
108 86
109 28
110 17
111 90
112 95
113 58
114 28
115 21
116 13
117 60
118 73
119 17
120 64
121 45
122 27
123 69
124 82
125 15
126 22
127 45
128 15
129 72
130 64
131 78
132 2
133 47
134 16
135 21
136 75
137 18
138 74
139 84
140 51
141 14
142 91
143 5
144 74
145 29
146 84
147 21
148 67
149 73
150 28
151 6
152 87
153 41
154 56
155 50
156 19
157 33
158 15
159 83
160 12
161 59
162 30
163 43
164 79
165 37
166 76
167 65
168 57
169 7
170 19
171 63
172 38
173 32
174 52
175 15
176 25
177 30
178 37
179 53
180 79
181 23
182 26
183 66
184 6
185 55
186 58
187 68
188 9
189 77
190 64
191 18
192 63
193 49
194 2
195 23
196 8
197 9
198 85
199 39
200 83
201 67
202 59
203 93
204 46
205 48
206 78
207 37
208 68
209 27
210 14
211 61
212 86
213 27
214 99
215 80
216 74
217 32
218 65
219 67
220 49
221 80
222 97
223 80
224 28
225 7
226 73
227 21
228 66
229 57
230 31
231 49
232 11
233 52
234 30
235 98
236 88
237 43
238 51
239 19
240 24
241 37
242 28
243 2
244 80
245 13
246 67
247 39
248 68
249 94
250 22
251 99
252 2
253 6
254 10
255 59
256 19
257 83
258 74
259 45
260 24
261 9
262 86
263 57
264 99
265 89
266 57
267 42
268 76
269 80
270 85
271 29
272 35
273 41
274 2
275 39
276 60
277 4
278 42
279 2
280 7
281 26
282 88
283 93
284 86
285 54
286 55
287 12
288 32
289 10
290 70
291 52
292 71
293 68
294 58
295 96
296 22
297 42
298 44
299 58
300 94
301 32
302 65
303 26
304 83
305 37
306 72
307 88
308 83
309 80
310 40
311 58
312 19
313 40
314 19
315 43
316 98
317 4
318 83
319 23
320 7
321 1
322 56
323 4
324 27
325 23
326 59
327 82
328 16
329 34
330 70
331 37
332 13
333 10
334 7
335 63
336 23
337 18
338 47
339 93
340 13
341 50
342 29
343 70
344 68
345 40
346 88
347 16
348 73
349 9
350 64
351 47
352 93
353 30
354 24
355 68
356 60
357 33
358 40
359 47
360 53
361 55
362 7
363 87
364 50
365 7
366 87
367 92
368 63
369 97
370 22
371 11
372 17
373 6
374 64
375 28
376 66
377 75
378 19
379 85
380 60
381 13
382 12
383 34
384 97
385 83
386 83
387 73
388 5
389 91
390 19
391 14
392 78
393 8
394 15
395 29
396 76
397 82
398 33
399 37
400 19
401 40
402 26
403 53
404 28
405 35
406 7
407 74
408 38
409 63
410 11
411 92
412 99
413 83
414 9
415 18
416 2
417 14
418 40
419 73
420 15
421 9
422 26
423 93
424 97
425 53
426 27
427 30
428 60
429 61
430 13
431 81
432 20
433 61
434 82
435 64
436 26
437 97
438 40
439 54
440 90
441 41
442 92
443 64
444 53
445 72
446 53
447 36
448 10
449 57
450 44
451 19
452 53
453 66
454 71
455 22
456 32
457 66
458 83
459 18
460 54
461 84
462 83
463 62
464 20
465 34
466 6
467 38
468 98
469 50
470 69
471 69
472 76
473 14
474 47
475 69
476 3
477 71
478 37
479 76
480 93
481 2
482 42
483 15
484 12
485 50
486 92
487 13
488 42
489 31
490 98
491 37
492 85
493 20
494 11
495 82
496 69
497 33
498 99
499 33
500 81
501 59
502 56
503 70
504 83
505 20
506 19
507 88
508 85
509 12
510 81
511 93
512 29
513 11
514 83
515 93
516 36
517 2
518 78
519 28
520 35
521 51
522 84
523 24
524 74
525 64
526 68
527 30
528 58
529 24
530 60
531 72
532 59
533 91
534 50
535 56
536 83
537 25
538 8
539 47
540 95
541 61
542 41
543 4
544 3
545 38
546 2
547 94
548 4
549 5
550 77
551 65
552 67
553 60
554 97
555 38
556 5
557 69
558 24
559 17
560 87
561 69
562 58
563 80
564 11
565 39
566 55
567 38
568 52
569 3
570 79
571 53
572 44
573 99
574 97
575 61
576 84
577 21
578 51
579 89
580 45
581 21
582 6
583 5
584 86
585 17
586 38
587 7
588 93
589 51
590 9
591 29
592 92
593 27
594 48
595 75
596 6
597 46
598 79
599 89
600 47
