22
500
1 2
2 82
3 89
4 81
5 73
6 52
7 42
8 36
9 15
10 11
11 33
12 48
13 43
14 38
15 74
16 54
17 42
18 62
19 14
20 71
21 14
22 62
23 44
24 0
25 33
26 6
27 86
28 11
29 39
30 83
31 83
32 11
33 81
34 55
35 94
36 55
37 50
38 36
39 34
40 93
41 56
42 12
43 97
44 82
45 44
46 56
47 72
48 76
49 80
50 34
51 57
52 11
53 6
54 80
55 36
56 33
57 85
58 32
59 56
60 80
61 23
62 65
63 5
64 79
65 42
66 72
67 83
68 30
69 29
70 72
71 15
72 62
73 60
74 48
75 2
76 45
77 77
78 40
79 84
80 62
81 69
82 72
83 46
84 90
85 61
86 53
87 91
88 72
89 74
90 39
91 65
92 86
93 5
94 68
95 44
96 97
97 53
98 7
99 50
100 66
101 58
102 31
103 41
104 63
105 10
106 52
107 13
108 30
109 52
110 91
111 82
112 97
113 58
114 6
115 54
116 64
117 37
118 73
119 97
120 0
121 15
122 97
123 63
124 20
125 87
126 51
127 27
128 42
129 84
130 34
131 61
132 7
133 1
134 90
135 96
136 76
137 51
138 72
139 46
140 10
141 82
142 76
143 90
144 17
145 10
146 17
147 45
148 45
149 16
150 17
151 67
152 6
153 4
154 89
155 64
156 74
157 50
158 39
159 30
160 17
161 86
162 35
163 69
164 33
165 70
166 31
167 57
168 4
169 35
170 13
171 5
172 16
173 43
174 31
175 49
176 57
177 49
178 89
179 75
180 62
181 68
182 72
183 4
184 69
185 30
186 86
187 97
188 1
189 78
190 91
191 61
192 31
193 25
194 27
195 93
196 41
197 2
198 37
199 91
200 24
201 49
202 84
203 98
204 4
205 16
206 85
207 18
208 66
209 25
210 94
211 72
212 17
213 40
214 38
215 92
216 46
217 81
218 54
219 54
220 83
221 96
222 0
223 89
224 64
225 77
226 90
227 67
228 57
229 7
230 65
231 10
232 75
233 9
234 36
235 64
236 74
237 35
238 25
239 93
240 79
241 75
242 8
243 99
244 24
245 79
246 88
247 75
248 93
249 16
250 91
251 99
252 22
253 18
254 53
255 61
256 39
257 59
258 28
259 57
260 11
261 90
262 38
263 19
264 2
265 72
266 44
267 44
268 86
269 89
270 84
271 27
272 5
273 65
274 39
275 97
276 70
277 43
278 42
279 70
280 73
281 80
282 50
283 55
284 69
285 5
286 90
287 13
288 93
289 79
290 25
291 56
292 82
293 19
294 73
295 57
296 73
297 2
298 36
299 66
300 68
301 51
302 85
303 43
304 20
305 87
306 35
307 70
308 39
309 55
310 19
311 56
312 35
313 28
314 95
315 35
316 24
317 82
318 60
319 13
320 98
321 36
322 80
323 32
324 38
325 18
326 45
327 44
328 75
329 74
330 59
331 53
332 65
333 63
334 97
335 9
336 80
337 89
338 36
339 18
340 47
341 27
342 43
343 65
344 55
345 17
346 26
347 11
348 55
349 99
350 10
351 18
352 69
353 54
354 43
355 8
356 76
357 32
358 62
359 73
360 42
361 72
362 7
363 67
364 4
365 18
366 2
367 21
368 92
369 89
370 69
371 8
372 14
373 62
374 78
375 94
376 89
377 27
378 11
379 55
380 94
381 25
382 49
383 31
384 99
385 98
386 17
387 61
388 30
389 31
390 93
391 82
392 19
393 85
394 74
395 62
396 76
397 33
398 23
399 72
400 45
401 38
402 4
403 9
404 5
405 94
406 69
407 6
408 52
409 5
410 18
411 39
412 81
413 73
414 84
415 48
416 7
417 32
418 29
419 76
420 50
421 8
422 97
423 5
424 97
425 37
426 14
427 83
428 51
429 62
430 49
431 45
432 58
433 82
434 59
435 77
436 59
437 82
438 52
439 61
440 68
441 71
442 67
443 14
444 81
445 1
446 67
447 54
448 27
449 51
450 20
451 83
452 94
453 24
454 63
455 42
456 86
457 11
458 41
459 25
460 1
461 75
462 3
463 48
464 88
465 77
466 95
467 8
468 72
469 2
470 86
471 43
472 39
473 2
474 78
475 73
476 41
477 23
478 47
479 36
480 1
481 72
482 23
483 14
484 68
485 65
486 42
487 83
488 58
489 68
490 24
491 14
492 44
493 58
494 70
495 98
496 95
497 0
498 81
499 26
500 52
