21
450
1 77
2 10
3 75
4 86
5 1
6 88
7 75
8 2
9 71
10 52
11 30
12 41
13 63
14 45
15 93
16 44
17 17
18 86
19 27
20 87
21 28
22 15
23 23
24 10
25 63
26 23
27 55
28 36
29 69
30 51
31 79
32 63
33 27
34 68
35 20
36 40
37 1
38 1
39 1
40 13
41 69
42 69
43 43
44 8
45 99
46 92
47 69
48 88
49 50
50 40
51 30
52 32
53 98
54 19
55 71
56 60
57 53
58 3
59 78
60 68
61 0
62 3
63 26
64 31
65 77
66 93
67 42
68 85
69 25
70 17
71 36
72 61
73 40
74 77
75 62
76 63
77 54
78 94
79 75
80 26
81 46
82 36
83 96
84 82
85 82
86 30
87 95
88 92
89 22
90 41
91 90
92 83
93 46
94 63
95 37
96 87
97 27
98 80
99 74
100 61
101 98
102 13
103 69
104 95
105 44
106 45
107 44
108 58
109 50
110 53
111 85
112 38
113 20
114 52
115 98
116 13
117 94
118 96
119 95
120 44
121 22
122 37
123 19
124 39
125 21
126 31
127 82
128 84
129 26
130 34
131 83
132 36
133 40
134 10
135 57
136 94
137 45
138 21
139 52
140 93
141 40
142 67
143 58
144 13
145 89
146 73
147 4
148 77
149 51
150 66
151 39
152 12
153 46
154 2
155 48
156 50
157 87
158 67
159 32
160 90
161 33
162 47
163 14
164 82
165 11
166 93
167 75
168 59
169 64
170 56
171 59
172 56
173 7
174 95
175 57
176 58
177 39
178 42
179 69
180 82
181 12
182 66
183 19
184 91
185 73
186 24
187 29
188 26
189 73
190 4
191 18
192 92
193 92
194 98
195 74
196 15
197 39
198 40
199 26
200 81
201 48
202 51
203 60
204 34
205 17
206 73
207 72
208 49
209 12
210 8
211 10
212 28
213 40
214 78
215 7
216 25
217 35
218 81
219 87
220 24
221 3
222 69
223 62
224 62
225 4
226 76
227 4
228 34
229 51
230 21
231 12
232 53
233 25
234 58
235 68
236 81
237 24
238 45
239 10
240 15
241 43
242 39
243 26
244 98
245 18
246 65
247 16
248 83
249 52
250 91
251 18
252 48
253 92
254 10
255 63
256 1
257 44
258 36
259 75
260 53
261 44
262 47
263 19
264 85
265 24
266 76
267 94
268 23
269 61
270 56
271 70
272 96
273 89
274 50
275 38
276 30
277 71
278 59
279 0
280 80
281 49
282 14
283 13
284 2
285 94
286 87
287 81
288 40
289 72
290 67
291 44
292 63
293 54
294 58
295 77
296 32
297 8
298 66
299 99
300 70
301 60
302 16
303 78
304 3
305 85
306 50
307 49
308 26
309 39
310 48
311 32
312 52
313 9
314 39
315 25
316 22
317 31
318 12
319 52
320 47
321 16
322 41
323 63
324 31
325 9
326 51
327 69
328 23
329 97
330 16
331 47
332 52
333 32
334 7
335 93
336 52
337 71
338 83
339 79
340 20
341 73
342 57
343 8
344 52
345 24
346 62
347 37
348 75
349 12
350 9
351 83
352 7
353 29
354 38
355 3
356 6
357 84
358 48
359 11
360 29
361 95
362 1
363 85
364 26
365 42
366 36
367 35
368 43
369 11
370 48
371 34
372 78
373 11
374 48
375 12
376 7
377 59
378 79
379 50
380 23
381 37
382 30
383 80
384 83
385 90
386 45
387 56
388 81
389 5
390 99
391 54
392 11
393 11
394 78
395 97
396 0
397 99
398 67
399 92
400 61
401 22
402 22
403 64
404 89
405 43
406 7
407 41
408 50
409 16
410 29
411 55
412 28
413 93
414 76
415 18
416 44
417 55
418 71
419 12
420 30
421 30
422 91
423 88
424 51
425 20
426 99
427 13
428 30
429 8
430 80
431 28
432 26
433 51
434 45
435 53
436 57
437 42
438 89
439 61
440 12
441 77
442 33
443 89
444 28
445 81
446 66
447 69
448 69
449 85
450 47
