12
150
1 12
2 40
3 40
4 38
5 40
6 53
7 7
8 55
9 55
10 67
11 95
12 86
13 81
14 76
15 11
16 72
17 1
18 14
19 30
20 48
21 60
22 31
23 80
24 95
25 85
26 30
27 40
28 21
29 36
30 94
31 92
32 74
33 30
34 26
35 99
36 45
37 50
38 47
39 23
40 68
41 42
42 23
43 30
44 45
45 50
46 63
47 94
48 74
49 6
50 68
51 58
52 29
53 27
54 10
55 37
56 58
57 79
58 49
59 54
60 1
61 66
62 69
63 37
64 51
65 70
66 29
67 88
68 21
69 51
70 12
71 42
72 37
73 4
74 89
75 15
76 38
77 46
78 86
79 18
80 83
81 38
82 32
83 3
84 92
85 55
86 38
87 0
88 82
89 54
90 31
91 46
92 76
93 54
94 49
95 34
96 62
97 12
98 12
99 82
100 66
101 99
102 60
103 90
104 29
105 53
106 37
107 19
108 17
109 62
110 17
111 20
112 81
113 75
114 8
115 97
116 91
117 12
118 63
119 53
120 95
121 34
122 57
123 76
124 28
125 19
126 48
127 41
128 48
129 16
130 9
131 67
132 7
133 29
134 24
135 82
136 61
137 50
138 26
139 85
140 74
141 50
142 8
143 6
144 16
145 8
146 46
147 78
148 73
149 49
150 45
