15
250
1 42
2 90
3 19
4 6
5 8
6 78
7 71
8 58
9 41
10 32
11 33
12 41
13 63
14 70
15 81
16 53
17 63
18 56
19 48
20 10
21 37
22 61
23 1
24 23
25 61
26 86
27 13
28 80
29 35
30 51
31 21
32 10
33 20
34 16
35 69
36 12
37 40
38 78
39 20
40 78
41 5
42 66
43 23
44 37
45 42
46 2
47 44
48 67
49 57
50 8
51 99
52 21
53 55
54 24
55 8
56 55
57 52
58 66
59 96
60 82
61 8
62 85
63 99
64 38
65 14
66 27
67 79
68 56
69 48
70 57
71 90
72 7
73 5
74 56
75 66
76 35
77 25
78 38
79 5
80 98
81 24
82 59
83 97
84 71
85 14
86 45
87 10
88 45
89 50
90 70
91 27
92 2
93 67
94 2
95 8
96 85
97 91
98 7
99 21
100 89
101 56
102 13
103 9
104 64
105 37
106 64
107 46
108 33
109 26
110 68
111 0
112 14
113 40
114 90
115 85
116 61
117 79
118 21
119 47
120 89
121 14
122 39
123 10
124 30
125 61
126 22
127 18
128 31
129 75
130 97
131 0
132 77
133 24
134 97
135 41
136 61
137 74
138 71
139 52
140 33
141 27
142 68
143 37
144 47
145 81
146 88
147 80
148 79
149 94
150 82
151 28
152 28
153 65
154 53
155 96
156 67
157 34
158 61
159 91
160 89
161 11
162 37
163 80
164 15
165 39
166 62
167 47
168 47
169 19
170 64
171 43
172 92
173 17
174 52
175 48
176 22
177 76
178 46
179 13
180 93
181 99
182 18
183 47
184 42
185 78
186 27
187 58
188 46
189 30
190 99
191 65
192 26
193 6
194 82
195 44
196 54
197 22
198 54
199 97
200 57
201 64
202 72
203 24
204 30
205 71
206 82
207 14
208 3
209 84
210 52
211 37
212 31
213 37
214 20
215 5
216 98
217 28
218 54
219 31
220 25
221 33
222 77
223 67
224 91
225 68
226 82
227 77
228 84
229 81
230 86
231 60
232 59
233 58
234 43
235 82
236 55
237 87
238 80
239 1
240 40
241 53
242 62
243 12
244 45
245 29
246 48
247 14
248 68
249 2
250 69
