10
100
1 85
2 84
3 47
4 10
5 3
6 35
7 40
8 44
9 23
10 61
11 19
12 72
13 92
14 10
15 34
16 7
17 15
18 59
19 7
20 77
21 74
22 23
23 86
24 14
25 47
26 14
27 47
28 7
29 6
30 81
31 87
32 61
33 12
34 83
35 35
36 89
37 60
38 52
39 51
40 87
41 60
42 7
43 46
44 98
45 37
46 41
47 44
48 7
49 64
50 53
51 18
52 54
53 89
54 10
55 73
56 40
57 22
58 62
59 17
60 18
61 42
62 33
63 5
64 6
65 24
66 57
67 76
68 70
69 38
70 54
71 32
72 86
73 23
74 49
75 3
76 95
77 57
78 59
79 79
80 70
81 21
82 7
83 59
84 18
85 8
86 81
87 24
88 28
89 14
90 55
91 6
92 61
93 30
94 25
95 67
96 46
97 26
98 62
99 70
100 71
