12
150
1 31
2 67
3 43
4 85
5 76
6 89
7 81
8 97
9 78
10 66
11 14
12 32
13 1
14 17
15 0
16 1
17 11
18 87
19 2
20 19
21 46
22 86
23 16
24 76
25 12
26 88
27 52
28 21
29 55
30 57
31 79
32 33
33 35
34 66
35 0
36 58
37 27
38 32
39 51
40 33
41 49
42 53
43 43
44 57
45 65
46 74
47 30
48 0
49 88
50 10
51 40
52 29
53 28
54 59
55 64
56 9
57 64
58 83
59 50
60 61
61 47
62 54
63 12
64 66
65 21
66 47
67 52
68 26
69 17
70 73
71 14
72 92
73 35
74 84
75 44
76 74
77 25
78 9
79 50
80 37
81 10
82 63
83 32
84 64
85 27
86 80
87 75
88 58
89 86
90 32
91 96
92 48
93 37
94 20
95 0
96 12
97 79
98 8
99 81
100 66
101 90
102 39
103 10
104 60
105 61
106 24
107 78
108 71
109 26
110 23
111 7
112 85
113 36
114 0
115 59
116 45
117 95
118 72
119 36
120 27
121 21
122 19
123 48
124 53
125 37
126 23
127 48
128 35
129 47
130 39
131 22
132 33
133 10
134 95
135 18
136 94
137 50
138 88
139 25
140 57
141 79
142 31
143 34
144 60
145 48
146 15
147 31
148 91
149 48
150 16
