15
250
1 36
2 16
3 58
4 84
5 47
6 1
7 32
8 62
9 71
10 87
11 94
12 2
13 66
14 99
15 14
16 56
17 95
18 99
19 92
20 95
21 26
22 72
23 20
24 70
25 7
26 85
27 60
28 95
29 65
30 15
31 11
32 44
33 59
34 89
35 93
36 76
37 14
38 11
39 20
40 74
41 58
42 24
43 80
44 8
45 39
46 9
47 81
48 63
49 44
50 25
51 9
52 11
53 19
54 94
55 81
56 35
57 57
58 90
59 68
60 24
61 93
62 80
63 31
64 12
65 12
66 57
67 25
68 77
69 75
70 64
71 23
72 54
73 4
74 46
75 33
76 2
77 12
78 86
79 7
80 32
81 62
82 25
83 46
84 80
85 6
86 46
87 23
88 92
89 49
90 38
91 98
92 23
93 64
94 46
95 1
96 75
97 16
98 62
99 80
100 53
101 23
102 67
103 5
104 75
105 74
106 72
107 32
108 50
109 33
110 27
111 89
112 70
113 25
114 19
115 55
116 68
117 97
118 9
119 33
120 19
121 70
122 56
123 40
124 66
125 76
126 34
127 72
128 9
129 70
130 78
131 40
132 15
133 19
134 96
135 60
136 29
137 92
138 36
139 94
140 78
141 94
142 95
143 14
144 58
145 88
146 55
147 75
148 80
149 50
150 17
151 39
152 12
153 24
154 46
155 31
156 19
157 62
158 35
159 24
160 52
161 26
162 38
163 82
164 7
165 45
166 83
167 54
168 87
169 80
170 0
171 19
172 12
173 67
174 2
175 78
176 60
177 79
178 44
179 32
180 65
181 75
182 61
183 6
184 25
185 44
186 78
187 35
188 76
189 55
190 86
191 77
192 90
193 34
194 83
195 57
196 73
197 99
198 70
199 67
200 51
201 61
202 10
203 95
204 74
205 11
206 77
207 77
208 27
209 19
210 28
211 44
212 90
213 38
214 38
215 9
216 24
217 62
218 89
219 56
220 75
221 89
222 74
223 47
224 48
225 95
226 63
227 63
228 81
229 40
230 70
231 33
232 30
233 45
234 68
235 98
236 27
237 80
238 27
239 0
240 57
241 67
242 38
243 52
244 30
245 93
246 99
247 72
248 29
249 89
250 99
