12
150
1 21
2 23
3 94
4 15
5 33
6 95
7 85
8 44
9 59
10 71
11 84
12 65
13 32
14 43
15 49
16 59
17 97
18 25
19 97
20 6
21 42
22 47
23 62
24 92
25 6
26 74
27 86
28 42
29 86
30 98
31 68
32 68
33 44
34 39
35 34
36 68
37 76
38 45
39 22
40 27
41 57
42 60
43 59
44 48
45 65
46 22
47 21
48 46
49 87
50 23
51 2
52 68
53 79
54 80
55 99
56 24
57 0
58 0
59 66
60 94
61 46
62 95
63 33
64 26
65 70
66 84
67 20
68 66
69 7
70 18
71 37
72 57
73 8
74 43
75 61
76 41
77 80
78 6
79 64
80 40
81 74
82 99
83 10
84 66
85 49
86 81
87 44
88 64
89 65
90 60
91 38
92 16
93 49
94 93
95 59
96 50
97 80
98 12
99 83
100 47
101 86
102 41
103 26
104 29
105 16
106 19
107 61
108 99
109 44
110 41
111 74
112 99
113 88
114 21
115 16
116 29
117 2
118 39
119 49
120 10
121 61
122 88
123 46
124 43
125 23
126 26
127 65
128 53
129 6
130 37
131 3
132 82
133 98
134 31
135 7
136 49
137 44
138 83
139 74
140 10
141 93
142 31
143 41
144 14
145 31
146 6
147 18
148 23
149 65
150 74
