15
250
1 51
2 88
3 87
4 73
5 70
6 45
7 89
8 78
9 14
10 49
11 24
12 52
13 89
14 12
15 25
16 41
17 9
18 15
19 18
20 82
21 3
22 88
23 86
24 6
25 54
26 25
27 16
28 36
29 20
30 69
31 29
32 74
33 68
34 89
35 93
36 95
37 31
38 98
39 90
40 36
41 93
42 55
43 76
44 14
45 92
46 75
47 64
48 35
49 12
50 95
51 76
52 72
53 59
54 44
55 57
56 7
57 72
58 5
59 24
60 54
61 85
62 30
63 55
64 28
65 18
66 10
67 55
68 63
69 54
70 5
71 75
72 96
73 26
74 51
75 84
76 60
77 1
78 14
79 45
80 83
81 58
82 90
83 35
84 55
85 50
86 16
87 82
88 70
89 53
90 5
91 14
92 25
93 48
94 25
95 64
96 19
97 45
98 52
99 69
100 42
101 18
102 19
103 61
104 77
105 65
106 76
107 50
108 93
109 13
110 89
111 92
112 41
113 27
114 8
115 65
116 38
117 60
118 5
119 58
120 9
121 86
122 20
123 64
124 82
125 51
126 17
127 1
128 74
129 29
130 10
131 72
132 19
133 84
134 0
135 8
136 54
137 34
138 38
139 57
140 11
141 16
142 20
143 25
144 74
145 99
146 0
147 61
148 95
149 30
150 87
151 60
152 11
153 23
154 94
155 42
156 89
157 78
158 75
159 74
160 36
161 30
162 44
163 99
164 95
165 63
166 8
167 80
168 30
169 24
170 70
171 58
172 71
173 41
174 18
175 75
176 0
177 82
178 14
179 16
180 72
181 35
182 50
183 54
184 28
185 49
186 16
187 82
188 97
189 14
190 28
191 67
192 40
193 88
194 95
195 26
196 66
197 71
198 55
199 4
200 14
201 97
202 79
203 76
204 36
205 45
206 5
207 99
208 25
209 88
210 18
211 77
212 77
213 96
214 6
215 70
216 97
217 22
218 97
219 94
220 95
221 54
222 42
223 88
224 91
225 99
226 50
227 65
228 76
229 10
230 73
231 53
232 27
233 4
234 70
235 75
236 92
237 87
238 36
239 77
240 84
241 1
242 21
243 88
244 12
245 61
246 78
247 49
248 40
249 0
250 10
