18
350
1 85
2 32
3 52
4 4
5 48
6 2
7 5
8 37
9 90
10 33
11 2
12 39
13 39
14 54
15 97
16 57
17 77
18 67
19 49
20 36
21 30
22 84
23 44
24 89
25 51
26 52
27 70
28 92
29 55
30 93
31 77
32 92
33 23
34 84
35 63
36 34
37 67
38 19
39 49
40 88
41 59
42 61
43 57
44 27
45 89
46 82
47 54
48 52
49 82
50 76
51 0
52 61
53 36
54 74
55 47
56 68
57 34
58 4
59 74
60 82
61 20
62 8
63 5
64 58
65 99
66 44
67 64
68 99
69 45
70 84
71 15
72 32
73 82
74 59
75 66
76 95
77 2
78 70
79 46
80 55
81 58
82 69
83 15
84 92
85 27
86 59
87 33
88 31
89 14
90 77
91 54
92 98
93 18
94 58
95 86
96 41
97 13
98 30
99 78
100 40
101 61
102 65
103 7
104 7
105 80
106 76
107 66
108 61
109 42
110 67
111 37
112 68
113 95
114 37
115 93
116 16
117 50
118 9
119 87
120 78
121 0
122 34
123 90
124 25
125 82
126 43
127 87
128 94
129 13
130 9
131 41
132 89
133 24
134 54
135 40
136 24
137 85
138 54
139 24
140 71
141 19
142 97
143 26
144 41
145 40
146 69
147 26
148 70
149 85
150 46
151 53
152 2
153 38
154 55
155 63
156 55
157 36
158 55
159 34
160 35
161 99
162 58
163 65
164 78
165 42
166 79
167 39
168 99
169 34
170 20
171 68
172 21
173 30
174 52
175 39
176 84
177 68
178 4
179 10
180 58
181 70
182 68
183 91
184 38
185 21
186 93
187 24
188 43
189 27
190 22
191 53
192 2
193 88
194 32
195 34
196 86
197 54
198 28
199 44
200 60
201 21
202 55
203 95
204 4
205 73
206 12
207 6
208 11
209 97
210 34
211 86
212 31
213 62
214 96
215 20
216 93
217 2
218 96
219 17
220 58
221 43
222 96
223 53
224 30
225 58
226 80
227 17
228 58
229 56
230 44
231 7
232 80
233 91
234 21
235 59
236 60
237 88
238 33
239 16
240 1
241 54
242 36
243 73
244 7
245 92
246 14
247 58
248 21
249 11
250 99
251 26
252 88
253 57
254 9
255 46
256 75
257 86
258 29
259 50
260 61
261 53
262 1
263 24
264 21
265 37
266 6
267 94
268 96
269 15
270 66
271 8
272 7
273 99
274 9
275 67
276 71
277 86
278 78
279 35
280 13
281 37
282 10
283 36
284 72
285 85
286 0
287 75
288 30
289 16
290 3
291 47
292 20
293 73
294 73
295 54
296 57
297 69
298 53
299 4
300 54
301 20
302 57
303 88
304 11
305 0
306 38
307 9
308 38
309 8
310 72
311 63
312 46
313 9
314 29
315 2
316 31
317 82
318 7
319 70
320 17
321 85
322 23
323 82
324 31
325 59
326 54
327 14
328 67
329 65
330 82
331 88
332 63
333 26
334 60
335 30
336 2
337 96
338 70
339 98
340 98
341 11
342 88
343 32
344 82
345 93
346 93
347 96
348 77
349 81
350 48
