24
600
1 51
2 78
3 47
4 66
5 23
6 42
7 22
8 98
9 33
10 69
11 49
12 20
13 88
14 8
15 67
16 94
17 73
18 14
19 28
20 55
21 6
22 25
23 8
24 79
25 32
26 47
27 48
28 47
29 45
30 17
31 4
32 69
33 73
34 4
35 28
36 51
37 66
38 41
39 41
40 70
41 55
42 31
43 99
44 91
45 66
46 49
47 12
48 69
49 76
50 85
51 28
52 47
53 26
54 57
55 13
56 38
57 23
58 69
59 3
60 82
61 81
62 81
63 92
64 90
65 71
66 93
67 53
68 2
69 20
70 35
71 8
72 25
73 18
74 26
75 2
76 76
77 45
78 33
79 71
80 98
81 26
82 14
83 54
84 66
85 49
86 5
87 87
88 87
89 70
90 73
91 63
92 66
93 97
94 55
95 42
96 35
97 90
98 30
99 36
100 74
101 56
102 91
103 82
104 69
105 86
106 52
107 66
108 20
109 98
110 44
111 94
112 16
113 46
114 4
115 9
116 20
117 58
118 69
119 31
120 10
121 60
122 27
123 58
124 79
125 61
126 57
127 15
128 79
129 68
130 70
131 68
132 40
133 31
134 8
135 33
136 21
137 31
138 35
139 81
140 98
141 13
142 34
143 65
144 11
145 28
146 83
147 61
148 67
149 49
150 77
151 60
152 19
153 49
154 84
155 35
156 16
157 48
158 12
159 82
160 66
161 30
162 94
163 62
164 7
165 52
166 19
167 23
168 21
169 1
170 15
171 41
172 31
173 65
174 95
175 90
176 71
177 80
178 32
179 63
180 4
181 52
182 97
183 48
184 75
185 33
186 59
187 91
188 70
189 38
190 4
191 77
192 16
193 17
194 64
195 76
196 37
197 29
198 29
199 72
200 85
201 20
202 43
203 29
204 15
205 79
206 39
207 79
208 60
209 94
210 86
211 81
212 98
213 88
214 85
215 65
216 13
217 84
218 33
219 92
220 61
221 32
222 84
223 58
224 93
225 79
226 67
227 72
228 35
229 42
230 76
231 78
232 85
233 60
234 87
235 33
236 29
237 18
238 98
239 90
240 91
241 66
242 65
243 53
244 35
245 87
246 80
247 68
248 48
249 78
250 69
251 16
252 88
253 37
254 74
255 78
256 78
257 54
258 0
259 65
260 16
261 68
262 89
263 39
264 21
265 69
266 72
267 14
268 66
269 59
270 88
271 33
272 30
273 44
274 26
275 15
276 12
277 93
278 16
279 1
280 54
281 15
282 71
283 75
284 84
285 82
286 85
287 97
288 30
289 68
290 42
291 44
292 78
293 99
294 64
295 57
296 10
297 67
298 9
299 47
300 42
301 65
302 28
303 52
304 55
305 88
306 21
307 49
308 41
309 89
310 87
311 19
312 98
313 92
314 32
315 55
316 36
317 99
318 12
319 83
320 20
321 23
322 38
323 99
324 50
325 74
326 81
327 94
328 35
329 14
330 58
331 72
332 65
333 77
334 36
335 33
336 41
337 82
338 32
339 5
340 57
341 4
342 51
343 4
344 65
345 3
346 55
347 62
348 77
349 87
350 13
351 19
352 2
353 45
354 90
355 9
356 15
357 13
358 43
359 34
360 43
361 42
362 92
363 18
364 54
365 58
366 22
367 6
368 40
369 34
370 10
371 6
372 41
373 26
374 38
375 30
376 97
377 61
378 21
379 7
380 71
381 91
382 6
383 30
384 40
385 72
386 21
387 22
388 75
389 17
390 20
391 35
392 77
393 91
394 51
395 39
396 57
397 17
398 15
399 48
400 4
401 56
402 56
403 41
404 20
405 33
406 45
407 34
408 48
409 50
410 45
411 15
412 70
413 66
414 88
415 52
416 88
417 58
418 16
419 87
420 71
421 94
422 39
423 51
424 78
425 86
426 53
427 14
428 12
429 9
430 79
431 23
432 97
433 48
434 64
435 29
436 23
437 92
438 84
439 79
440 65
441 14
442 95
443 64
444 89
445 48
446 51
447 61
448 83
449 17
450 10
451 95
452 38
453 23
454 47
455 59
456 27
457 65
458 4
459 64
460 65
461 43
462 19
463 71
464 36
465 14
466 34
467 2
468 30
469 37
470 55
471 79
472 40
473 18
474 84
475 44
476 33
477 70
478 91
479 65
480 70
481 36
482 52
483 66
484 54
485 9
486 18
487 63
488 93
489 5
490 48
491 38
492 88
493 51
494 73
495 91
496 48
497 58
498 40
499 20
500 37
501 84
502 50
503 8
504 89
505 24
506 3
507 19
508 41
509 24
510 80
511 39
512 0
513 6
514 97
515 24
516 36
517 79
518 30
519 99
520 62
521 22
522 60
523 17
524 87
525 16
526 89
527 12
528 28
529 88
530 20
531 40
532 23
533 62
534 1
535 71
536 88
537 89
538 81
539 23
540 35
541 81
542 74
543 96
544 8
545 53
546 37
547 6
548 19
549 14
550 84
551 10
552 68
553 13
554 16
555 69
556 64
557 70
558 61
559 18
560 38
561 45
562 10
563 68
564 24
565 3
566 35
567 76
568 45
569 86
570 45
571 94
572 44
573 98
574 41
575 64
576 24
577 20
578 81
579 87
580 44
581 57
582 92
583 17
584 98
585 16
586 17
587 36
588 91
589 38
590 20
591 49
592 41
593 27
594 21
595 47
596 18
597 50
598 58
599 51
600 33
