12
150
1 33
2 0
3 7
4 18
5 29
6 63
7 28
8 39
9 76
10 9
11 9
12 35
13 97
14 26
15 95
16 21
17 26
18 94
19 31
20 4
21 30
22 21
23 37
24 19
25 60
26 22
27 91
28 50
29 33
30 43
31 36
32 47
33 32
34 8
35 44
36 71
37 42
38 38
39 92
40 40
41 44
42 30
43 20
44 68
45 22
46 14
47 77
48 60
49 76
50 32
51 42
52 7
53 87
54 43
55 36
56 29
57 90
58 31
59 37
60 36
61 18
62 49
63 41
64 70
65 0
66 84
67 95
68 65
69 8
70 7
71 27
72 32
73 14
74 77
75 54
76 56
77 73
78 75
79 63
80 20
81 11
82 52
83 54
84 37
85 36
86 6
87 59
88 33
89 8
90 89
91 88
92 86
93 16
94 46
95 13
96 52
97 81
98 22
99 80
100 16
101 60
102 93
103 40
104 53
105 77
106 90
107 79
108 26
109 47
110 29
111 37
112 4
113 78
114 36
115 81
116 14
117 4
118 35
119 95
120 39
121 10
122 87
123 52
124 77
125 34
126 62
127 85
128 44
129 47
130 65
131 91
132 69
133 33
134 94
135 84
136 81
137 59
138 13
139 35
140 22
141 63
142 55
143 42
144 34
145 39
146 79
147 37
148 7
149 91
150 93
