24
600
1 48
2 28
3 97
4 89
5 83
6 22
7 55
8 52
9 82
10 56
11 26
12 38
13 4
14 59
15 95
16 87
17 22
18 80
19 71
20 71
21 0
22 78
23 79
24 71
25 54
26 2
27 9
28 37
29 78
30 8
31 68
32 64
33 25
34 29
35 88
36 18
37 57
38 41
39 57
40 55
41 65
42 89
43 6
44 76
45 73
46 7
47 51
48 21
49 18
50 9
51 52
52 41
53 2
54 87
55 81
56 44
57 13
58 68
59 34
60 69
61 79
62 89
63 8
64 30
65 2
66 22
67 95
68 21
69 76
70 1
71 67
72 39
73 41
74 9
75 54
76 44
77 3
78 65
79 92
80 69
81 36
82 31
83 90
84 94
85 62
86 84
87 25
88 83
89 47
90 16
91 58
92 38
93 47
94 78
95 51
96 16
97 10
98 46
99 1
100 2
101 39
102 40
103 82
104 82
105 11
106 27
107 86
108 75
109 43
110 86
111 70
112 97
113 40
114 30
115 17
116 19
117 21
118 73
119 6
120 43
121 77
122 55
123 12
124 4
125 56
126 68
127 76
128 32
129 67
130 98
131 82
132 80
133 71
134 64
135 67
136 73
137 33
138 44
139 99
140 49
141 1
142 10
143 48
144 7
145 78
146 7
147 45
148 31
149 15
150 70
151 93
152 75
153 29
154 20
155 16
156 55
157 23
158 55
159 73
160 56
161 44
162 85
163 30
164 56
165 83
166 87
167 77
168 33
169 0
170 26
171 44
172 61
173 12
174 13
175 83
176 10
177 39
178 57
179 75
180 55
181 91
182 70
183 95
184 60
185 44
186 88
187 95
188 30
189 39
190 79
191 40
192 63
193 28
194 79
195 86
196 5
197 60
198 63
199 50
200 77
201 25
202 20
203 45
204 96
205 20
206 31
207 3
208 26
209 45
210 21
211 33
212 47
213 45
214 59
215 5
216 59
217 11
218 94
219 64
220 94
221 89
222 95
223 70
224 61
225 93
226 45
227 25
228 20
229 37
230 29
231 36
232 49
233 90
234 43
235 51
236 10
237 26
238 95
239 92
240 95
241 97
242 86
243 86
244 3
245 26
246 56
247 22
248 53
249 12
250 86
251 95
252 34
253 28
254 13
255 58
256 22
257 74
258 82
259 11
260 41
261 31
262 25
263 21
264 57
265 45
266 18
267 88
268 50
269 70
270 83
271 2
272 53
273 36
274 92
275 27
276 94
277 86
278 20
279 84
280 8
281 8
282 61
283 68
284 51
285 2
286 24
287 54
288 19
289 83
290 34
291 9
292 95
293 45
294 87
295 89
296 73
297 24
298 6
299 42
300 81
301 59
302 62
303 68
304 69
305 20
306 88
307 18
308 24
309 32
310 92
311 52
312 78
313 68
314 71
315 88
316 89
317 23
318 79
319 24
320 14
321 92
322 71
323 90
324 55
325 52
326 79
327 22
328 38
329 4
330 18
331 41
332 10
333 34
334 39
335 67
336 1
337 66
338 93
339 34
340 43
341 69
342 85
343 90
344 14
345 94
346 90
347 86
348 95
349 32
350 36
351 81
352 97
353 92
354 22
355 82
356 17
357 3
358 9
359 22
360 74
361 98
362 18
363 71
364 55
365 6
366 23
367 19
368 27
369 3
370 16
371 47
372 49
373 20
374 57
375 50
376 44
377 44
378 56
379 10
380 23
381 20
382 85
383 97
384 91
385 45
386 41
387 37
388 45
389 83
390 20
391 98
392 63
393 73
394 23
395 42
396 18
397 4
398 51
399 32
400 14
401 41
402 80
403 62
404 71
405 70
406 49
407 44
408 89
409 48
410 93
411 68
412 74
413 52
414 87
415 44
416 28
417 42
418 87
419 44
420 30
421 68
422 22
423 18
424 24
425 56
426 88
427 81
428 15
429 75
430 77
431 37
432 82
433 54
434 37
435 37
436 88
437 6
438 53
439 87
440 79
441 28
442 64
443 85
444 11
445 68
446 58
447 81
448 76
449 43
450 9
451 74
452 80
453 45
454 49
455 58
456 5
457 29
458 18
459 33
460 39
461 8
462 22
463 31
464 67
465 80
466 60
467 83
468 9
469 1
470 77
471 76
472 16
473 43
474 37
475 96
476 84
477 59
478 66
479 57
480 59
481 60
482 10
483 63
484 65
485 30
486 7
487 41
488 34
489 38
490 44
491 80
492 82
493 62
494 98
495 90
496 46
497 81
498 68
499 13
500 66
501 2
502 5
503 71
504 75
505 52
506 45
507 62
508 17
509 25
510 7
511 96
512 89
513 41
514 18
515 20
516 87
517 96
518 34
519 5
520 36
521 9
522 78
523 84
524 4
525 54
526 33
527 6
528 41
529 19
530 62
531 33
532 46
533 74
534 61
535 79
536 12
537 61
538 75
539 17
540 4
541 87
542 5
543 74
544 55
545 58
546 86
547 28
548 58
549 3
550 27
551 16
552 25
553 85
554 89
555 33
556 56
557 63
558 66
559 87
560 78
561 0
562 25
563 2
564 6
565 40
566 48
567 86
568 15
569 69
570 51
571 47
572 67
573 97
574 0
575 22
576 40
577 39
578 97
579 27
580 72
581 78
582 62
583 23
584 67
585 37
586 48
587 9
588 51
589 90
590 51
591 76
592 56
593 70
594 57
595 56
596 58
597 61
598 8
599 90
600 0
