12
150
1 72
2 75
3 96
4 52
5 17
6 59
7 69
8 40
9 64
10 59
11 5
12 97
13 28
14 27
15 55
16 87
17 94
18 21
19 94
20 47
21 6
22 8
23 49
24 58
25 71
26 68
27 12
28 21
29 40
30 67
31 93
32 21
33 37
34 24
35 53
36 22
37 47
38 47
39 24
40 20
41 24
42 6
43 20
44 58
45 11
46 63
47 30
48 15
49 63
50 38
51 91
52 98
53 77
54 1
55 13
56 73
57 23
58 19
59 83
60 38
61 4
62 59
63 87
64 99
65 30
66 44
67 19
68 25
69 79
70 7
71 43
72 0
73 1
74 51
75 88
76 73
77 88
78 48
79 75
80 8
81 63
82 22
83 29
84 92
85 38
86 25
87 76
88 94
89 6
90 27
91 8
92 87
93 68
94 66
95 20
96 67
97 21
98 13
99 80
100 11
101 71
102 43
103 62
104 14
105 68
106 95
107 57
108 48
109 83
110 22
111 41
112 39
113 1
114 18
115 98
116 0
117 38
118 27
119 5
120 7
121 26
122 80
123 5
124 30
125 75
126 65
127 84
128 68
129 31
130 13
131 69
132 9
133 76
134 35
135 74
136 98
137 4
138 14
139 86
140 81
141 88
142 42
143 92
144 39
145 29
146 25
147 60
148 98
149 89
150 51
