22
500
1 59
2 9
3 64
4 98
5 12
6 77
7 92
8 24
9 56
10 91
11 17
12 37
13 1
14 18
15 95
16 81
17 5
18 50
19 89
20 92
21 35
22 13
23 95
24 44
25 2
26 46
27 76
28 26
29 48
30 73
31 18
32 34
33 47
34 22
35 23
36 22
37 83
38 54
39 20
40 38
41 43
42 44
43 34
44 18
45 82
46 13
47 96
48 9
49 66
50 71
51 0
52 87
53 43
54 97
55 33
56 70
57 2
58 68
59 66
60 97
61 18
62 49
63 18
64 64
65 42
66 44
67 20
68 61
69 61
70 9
71 83
72 73
73 41
74 9
75 34
76 83
77 58
78 87
79 29
80 7
81 23
82 42
83 71
84 70
85 76
86 52
87 37
88 58
89 72
90 18
91 49
92 40
93 90
94 63
95 52
96 47
97 70
98 37
99 14
100 5
101 14
102 66
103 20
104 88
105 31
106 28
107 44
108 75
109 75
110 53
111 65
112 58
113 80
114 19
115 18
116 93
117 10
118 4
119 72
120 29
121 4
122 30
123 68
124 5
125 96
126 26
127 83
128 65
129 2
130 78
131 54
132 59
133 94
134 97
135 31
136 96
137 89
138 87
139 65
140 82
141 27
142 71
143 92
144 4
145 83
146 58
147 96
148 92
149 94
150 24
151 16
152 87
153 56
154 1
155 80
156 72
157 16
158 50
159 68
160 90
161 96
162 51
163 48
164 52
165 25
166 95
167 80
168 0
169 18
170 7
171 53
172 76
173 96
174 99
175 47
176 6
177 21
178 78
179 2
180 87
181 86
182 61
183 56
184 7
185 91
186 75
187 5
188 79
189 43
190 32
191 74
192 39
193 12
194 16
195 56
196 31
197 96
198 4
199 24
200 5
201 79
202 16
203 12
204 62
205 37
206 4
207 21
208 39
209 96
210 89
211 48
212 66
213 95
214 98
215 40
216 46
217 71
218 53
219 27
220 88
221 35
222 24
223 37
224 48
225 47
226 97
227 61
228 80
229 33
230 75
231 62
232 87
233 11
234 22
235 53
236 70
237 9
238 27
239 70
240 81
241 84
242 1
243 42
244 98
245 69
246 28
247 9
248 40
249 64
250 1
251 89
252 33
253 13
254 37
255 17
256 92
257 20
258 42
259 56
260 7
261 93
262 12
263 66
264 14
265 23
266 93
267 86
268 66
269 86
270 42
271 90
272 85
273 56
274 23
275 92
276 33
277 57
278 10
279 62
280 64
281 11
282 43
283 84
284 12
285 81
286 71
287 59
288 69
289 56
290 95
291 69
292 44
293 69
294 96
295 1
296 53
297 10
298 89
299 49
300 49
301 19
302 9
303 98
304 62
305 61
306 40
307 97
308 33
309 9
310 40
311 83
312 71
313 4
314 1
315 80
316 32
317 67
318 70
319 33
320 84
321 47
322 40
323 96
324 79
325 27
326 50
327 97
328 5
329 85
330 90
331 59
332 7
333 60
334 42
335 65
336 93
337 6
338 66
339 95
340 97
341 15
342 95
343 40
344 57
345 30
346 6
347 53
348 61
349 56
350 71
351 94
352 40
353 20
354 76
355 33
356 61
357 4
358 42
359 37
360 41
361 91
362 80
363 55
364 32
365 80
366 20
367 71
368 42
369 88
370 46
371 20
372 1
373 61
374 66
375 38
376 41
377 13
378 18
379 95
380 15
381 18
382 54
383 15
384 87
385 91
386 45
387 55
388 61
389 89
390 17
391 82
392 10
393 41
394 70
395 71
396 77
397 45
398 84
399 69
400 53
401 42
402 16
403 16
404 94
405 32
406 34
407 96
408 40
409 38
410 60
411 41
412 43
413 74
414 50
415 94
416 26
417 58
418 41
419 51
420 18
421 52
422 62
423 14
424 48
425 22
426 46
427 21
428 64
429 86
430 12
431 94
432 9
433 77
434 28
435 45
436 50
437 1
438 46
439 91
440 90
441 17
442 74
443 68
444 27
445 41
446 15
447 82
448 12
449 50
450 85
451 53
452 10
453 71
454 70
455 68
456 59
457 27
458 90
459 54
460 63
461 75
462 76
463 2
464 54
465 45
466 65
467 1
468 43
469 26
470 50
471 61
472 66
473 25
474 78
475 96
476 69
477 85
478 81
479 23
480 26
481 97
482 18
483 17
484 21
485 56
486 24
487 32
488 46
489 12
490 68
491 46
492 53
493 4
494 30
495 1
496 46
497 25
498 37
499 57
500 59
