21
450
1 70
2 62
3 85
4 9
5 23
6 59
7 13
8 98
9 19
10 87
11 40
12 88
13 36
14 53
15 98
16 24
17 28
18 87
19 68
20 19
21 45
22 39
23 65
24 65
25 50
26 64
27 18
28 51
29 88
30 91
31 85
32 58
33 99
34 5
35 26
36 14
37 29
38 18
39 71
40 23
41 17
42 85
43 88
44 84
45 18
46 67
47 79
48 6
49 27
50 54
51 55
52 31
53 7
54 51
55 17
56 5
57 69
58 16
59 25
60 89
61 14
62 32
63 86
64 73
65 4
66 1
67 55
68 63
69 59
70 1
71 58
72 31
73 87
74 92
75 27
76 41
77 41
78 25
79 68
80 95
81 63
82 99
83 80
84 34
85 78
86 36
87 61
88 41
89 68
90 23
91 68
92 66
93 59
94 64
95 43
96 6
97 61
98 60
99 74
100 16
101 42
102 46
103 75
104 38
105 39
106 55
107 4
108 75
109 53
110 7
111 11
112 49
113 61
114 2
115 41
116 63
117 69
118 22
119 84
120 39
121 85
122 5
123 87
124 67
125 11
126 17
127 88
128 37
129 17
130 52
131 10
132 65
133 48
134 29
135 65
136 51
137 55
138 57
139 18
140 75
141 78
142 8
143 60
144 26
145 53
146 44
147 49
148 54
149 37
150 17
151 75
152 38
153 61
154 6
155 74
156 3
157 91
158 15
159 71
160 70
161 42
162 64
163 59
164 60
165 59
166 7
167 13
168 56
169 8
170 15
171 23
172 76
173 45
174 93
175 12
176 0
177 43
178 39
179 68
180 16
181 80
182 20
183 97
184 65
185 44
186 94
187 53
188 50
189 38
190 56
191 69
192 93
193 38
194 16
195 81
196 10
197 35
198 24
199 67
200 27
201 54
202 42
203 30
204 23
205 97
206 98
207 63
208 33
209 38
210 57
211 58
212 88
213 13
214 39
215 3
216 37
217 37
218 69
219 4
220 17
221 64
222 34
223 60
224 42
225 66
226 37
227 47
228 65
229 67
230 16
231 86
232 6
233 92
234 18
235 86
236 51
237 75
238 62
239 72
240 26
241 52
242 49
243 51
244 31
245 28
246 20
247 48
248 19
249 62
250 24
251 68
252 72
253 50
254 9
255 92
256 32
257 77
258 89
259 11
260 20
261 31
262 18
263 38
264 83
265 43
266 80
267 5
268 5
269 61
270 18
271 67
272 95
273 99
274 91
275 46
276 0
277 22
278 96
279 61
280 33
281 73
282 50
283 59
284 41
285 66
286 82
287 57
288 85
289 69
290 66
291 12
292 24
293 63
294 6
295 88
296 95
297 95
298 27
299 34
300 36
301 13
302 1
303 41
304 0
305 44
306 27
307 73
308 67
309 6
310 42
311 97
312 76
313 31
314 10
315 74
316 14
317 2
318 29
319 77
320 19
321 44
322 94
323 66
324 96
325 3
326 18
327 92
328 6
329 24
330 27
331 57
332 72
333 46
334 1
335 82
336 65
337 98
338 46
339 19
340 61
341 4
342 36
343 13
344 16
345 80
346 2
347 10
348 91
349 42
350 30
351 95
352 52
353 39
354 91
355 45
356 20
357 48
358 80
359 21
360 8
361 74
362 76
363 34
364 78
365 65
366 20
367 13
368 38
369 63
370 10
371 40
372 57
373 56
374 99
375 13
376 73
377 87
378 26
379 81
380 3
381 68
382 80
383 5
384 90
385 58
386 76
387 61
388 65
389 29
390 37
391 36
392 85
393 64
394 18
395 40
396 29
397 45
398 50
399 7
400 15
401 29
402 37
403 80
404 36
405 35
406 27
407 64
408 63
409 78
410 60
411 88
412 2
413 2
414 52
415 11
416 6
417 77
418 58
419 86
420 71
421 43
422 24
423 16
424 5
425 63
426 34
427 85
428 29
429 94
430 36
431 7
432 79
433 81
434 10
435 79
436 1
437 96
438 99
439 10
440 81
441 95
442 81
443 80
444 69
445 88
446 6
447 70
448 48
449 3
450 7
