21
450
1 80
2 50
3 92
4 68
5 12
6 56
7 82
8 7
9 86
10 36
11 32
12 48
13 79
14 12
15 62
16 20
17 74
18 34
19 52
20 66
21 45
22 34
23 38
24 35
25 4
26 9
27 45
28 52
29 5
30 70
31 70
32 2
33 62
34 73
35 74
36 74
37 78
38 87
39 5
40 79
41 50
42 82
43 90
44 85
45 17
46 34
47 19
48 80
49 6
50 76
51 76
52 90
53 34
54 39
55 61
56 54
57 35
58 0
59 13
60 46
61 34
62 84
63 60
64 48
65 26
66 83
67 86
68 65
69 86
70 79
71 50
72 26
73 29
74 32
75 5
76 13
77 22
78 69
79 79
80 97
81 2
82 27
83 79
84 25
85 14
86 87
87 32
88 75
89 46
90 54
91 57
92 92
93 68
94 63
95 99
96 4
97 95
98 3
99 30
100 13
101 12
102 33
103 36
104 42
105 74
106 77
107 74
108 51
109 94
110 63
111 29
112 34
113 54
114 26
115 85
116 72
117 39
118 23
119 87
120 89
121 86
122 53
123 64
124 19
125 27
126 37
127 93
128 43
129 18
130 3
131 55
132 63
133 68
134 83
135 96
136 17
137 66
138 27
139 53
140 79
141 65
142 92
143 45
144 24
145 97
146 39
147 98
148 13
149 19
150 18
151 28
152 66
153 7
154 18
155 63
156 85
157 23
158 16
159 84
160 1
161 62
162 45
163 29
164 62
165 70
166 56
167 76
168 3
169 24
170 20
171 29
172 77
173 51
174 70
175 24
176 42
177 35
178 69
179 10
180 38
181 40
182 44
183 37
184 79
185 24
186 16
187 78
188 92
189 33
190 0
191 96
192 82
193 12
194 27
195 63
196 90
197 26
198 94
199 30
200 37
201 9
202 17
203 7
204 13
205 4
206 44
207 5
208 21
209 33
210 47
211 80
212 38
213 0
214 54
215 41
216 23
217 45
218 89
219 73
220 43
221 91
222 56
223 35
224 61
225 35
226 59
227 78
228 27
229 24
230 17
231 13
232 15
233 4
234 95
235 32
236 39
237 60
238 11
239 8
240 81
241 91
242 86
243 70
244 41
245 37
246 48
247 52
248 60
249 47
250 24
251 40
252 34
253 86
254 48
255 71
256 90
257 96
258 27
259 78
260 65
261 60
262 9
263 30
264 25
265 10
266 16
267 25
268 72
269 28
270 93
271 13
272 26
273 36
274 75
275 66
276 68
277 77
278 16
279 59
280 87
281 2
282 45
283 62
284 73
285 14
286 53
287 71
288 3
289 55
290 93
291 35
292 52
293 98
294 43
295 60
296 82
297 59
298 33
299 61
300 19
301 26
302 26
303 57
304 51
305 93
306 88
307 88
308 57
309 2
310 5
311 25
312 67
313 21
314 3
315 28
316 96
317 43
318 74
319 7
320 58
321 47
322 50
323 9
324 81
325 22
326 67
327 3
328 87
329 38
330 42
331 99
332 60
333 71
334 41
335 7
336 57
337 77
338 30
339 82
340 38
341 3
342 40
343 6
344 22
345 45
346 31
347 26
348 92
349 86
350 16
351 28
352 3
353 56
354 86
355 27
356 66
357 32
358 35
359 7
360 51
361 51
362 67
363 10
364 23
365 95
366 42
367 75
368 39
369 1
370 93
371 74
372 61
373 67
374 67
375 18
376 65
377 41
378 90
379 75
380 43
381 73
382 42
383 97
384 72
385 11
386 69
387 83
388 13
389 28
390 14
391 49
392 27
393 67
394 11
395 63
396 0
397 83
398 45
399 58
400 67
401 24
402 9
403 37
404 68
405 68
406 21
407 70
408 71
409 2
410 98
411 1
412 71
413 97
414 40
415 90
416 35
417 91
418 43
419 3
420 81
421 75
422 61
423 59
424 55
425 66
426 28
427 50
428 59
429 77
430 87
431 34
432 94
433 11
434 61
435 63
436 86
437 5
438 39
439 97
440 94
441 7
442 40
443 38
444 39
445 51
446 31
447 23
448 96
449 42
450 31
