22
500
1 10
2 84
3 16
4 7
5 58
6 8
7 90
8 59
9 58
10 9
11 30
12 4
13 97
14 71
15 13
16 32
17 53
18 41
19 58
20 54
21 29
22 91
23 68
24 26
25 14
26 47
27 46
28 59
29 12
30 22
31 46
32 6
33 74
34 40
35 61
36 90
37 87
38 43
39 40
40 13
41 33
42 88
43 57
44 50
45 16
46 63
47 70
48 52
49 89
50 62
51 68
52 19
53 93
54 9
55 89
56 42
57 81
58 73
59 98
60 94
61 35
62 12
63 43
64 27
65 82
66 13
67 64
68 53
69 52
70 49
71 25
72 93
73 20
74 42
75 16
76 46
77 28
78 16
79 83
80 35
81 30
82 78
83 94
84 35
85 11
86 6
87 82
88 44
89 77
90 13
91 52
92 20
93 29
94 1
95 93
96 94
97 21
98 58
99 70
100 30
101 12
102 13
103 33
104 57
105 3
106 32
107 98
108 48
109 57
110 63
111 32
112 74
113 71
114 75
115 36
116 37
117 10
118 42
119 57
120 99
121 48
122 70
123 71
124 78
125 69
126 39
127 46
128 11
129 78
130 44
131 14
132 67
133 79
134 34
135 15
136 4
137 39
138 97
139 35
140 75
141 34
142 40
143 17
144 42
145 18
146 20
147 67
148 10
149 27
150 40
151 84
152 98
153 16
154 60
155 3
156 4
157 20
158 17
159 32
160 58
161 67
162 93
163 96
164 57
165 71
166 4
167 61
168 78
169 86
170 74
171 67
172 68
173 68
174 63
175 78
176 18
177 78
178 58
179 45
180 81
181 26
182 2
183 88
184 91
185 39
186 12
187 72
188 85
189 33
190 6
191 68
192 64
193 99
194 36
195 12
196 83
197 93
198 98
199 45
200 75
201 89
202 22
203 71
204 15
205 82
206 48
207 70
208 70
209 75
210 56
211 57
212 44
213 66
214 11
215 77
216 26
217 36
218 90
219 39
220 46
221 65
222 23
223 45
224 35
225 2
226 66
227 39
228 26
229 43
230 98
231 7
232 35
233 52
234 70
235 46
236 51
237 57
238 51
239 46
240 90
241 24
242 46
243 68
244 44
245 91
246 34
247 19
248 5
249 62
250 52
251 79
252 79
253 4
254 5
255 45
256 81
257 35
258 54
259 28
260 42
261 49
262 22
263 37
264 14
265 27
266 76
267 12
268 17
269 64
270 55
271 10
272 98
273 3
274 17
275 40
276 0
277 22
278 60
279 70
280 13
281 15
282 48
283 85
284 35
285 61
286 10
287 6
288 25
289 48
290 37
291 39
292 78
293 6
294 67
295 45
296 77
297 94
298 19
299 10
300 45
301 16
302 82
303 78
304 95
305 91
306 0
307 68
308 42
309 11
310 70
311 33
312 7
313 98
314 66
315 3
316 63
317 4
318 87
319 45
320 79
321 40
322 2
323 93
324 39
325 23
326 33
327 17
328 23
329 2
330 80
331 78
332 14
333 20
334 91
335 97
336 36
337 60
338 52
339 28
340 75
341 1
342 54
343 77
344 14
345 43
346 1
347 23
348 23
349 74
350 64
351 38
352 99
353 3
354 85
355 13
356 65
357 8
358 21
359 3
360 43
361 45
362 70
363 66
364 61
365 41
366 37
367 49
368 96
369 82
370 92
371 44
372 74
373 68
374 5
375 86
376 6
377 5
378 57
379 52
380 22
381 39
382 9
383 85
384 45
385 29
386 39
387 87
388 79
389 48
390 1
391 19
392 39
393 76
394 90
395 30
396 21
397 46
398 61
399 28
400 13
401 29
402 37
403 21
404 48
405 2
406 23
407 51
408 27
409 26
410 19
411 55
412 49
413 14
414 54
415 81
416 86
417 90
418 95
419 59
420 42
421 7
422 17
423 75
424 95
425 68
426 50
427 60
428 84
429 40
430 48
431 23
432 26
433 1
434 17
435 38
436 73
437 8
438 71
439 78
440 53
441 41
442 66
443 27
444 72
445 48
446 94
447 96
448 49
449 30
450 54
451 6
452 9
453 46
454 15
455 17
456 93
457 31
458 13
459 62
460 15
461 78
462 80
463 29
464 80
465 94
466 23
467 68
468 57
469 64
470 71
471 53
472 45
473 70
474 58
475 64
476 78
477 20
478 15
479 88
480 10
481 53
482 63
483 23
484 78
485 20
486 90
487 22
488 46
489 95
490 88
491 40
492 49
493 45
494 18
495 0
496 77
497 88
498 8
499 97
500 31
