24
600
1 77
2 53
3 74
4 7
5 88
6 44
7 55
8 15
9 17
10 16
11 77
12 4
13 60
14 72
15 61
16 85
17 21
18 7
19 31
20 46
21 46
22 89
23 25
24 83
25 12
26 76
27 68
28 64
29 48
30 44
31 77
32 4
33 45
34 83
35 57
36 60
37 2
38 89
39 59
40 55
41 97
42 75
43 79
44 87
45 68
46 47
47 48
48 33
49 45
50 44
51 48
52 27
53 32
54 80
55 0
56 73
57 49
58 57
59 67
60 3
61 75
62 72
63 44
64 20
65 97
66 25
67 31
68 66
69 89
70 15
71 2
72 95
73 47
74 87
75 65
76 69
77 28
78 61
79 80
80 23
81 2
82 19
83 5
84 76
85 81
86 27
87 56
88 24
89 4
90 56
91 13
92 85
93 74
94 25
95 65
96 60
97 45
98 46
99 73
100 94
101 1
102 28
103 65
104 23
105 13
106 31
107 35
108 6
109 38
110 62
111 4
112 94
113 66
114 92
115 64
116 0
117 92
118 34
119 91
120 29
121 23
122 34
123 32
124 81
125 77
126 47
127 89
128 28
129 1
130 87
131 34
132 60
133 13
134 38
135 15
136 39
137 89
138 76
139 89
140 85
141 78
142 86
143 21
144 43
145 7
146 42
147 8
148 80
149 66
150 69
151 87
152 21
153 88
154 18
155 42
156 85
157 23
158 70
159 29
160 34
161 81
162 3
163 38
164 39
165 69
166 15
167 2
168 35
169 86
170 89
171 76
172 71
173 12
174 29
175 79
176 8
177 39
178 77
179 77
180 56
181 22
182 88
183 65
184 75
185 1
186 1
187 63
188 1
189 76
190 46
191 19
192 71
193 5
194 94
195 74
196 16
197 66
198 81
199 4
200 63
201 19
202 50
203 47
204 35
205 90
206 7
207 6
208 2
209 52
210 85
211 20
212 51
213 65
214 23
215 88
216 3
217 85
218 22
219 65
220 35
221 26
222 39
223 51
224 84
225 5
226 93
227 49
228 67
229 68
230 85
231 2
232 80
233 66
234 4
235 18
236 63
237 39
238 4
239 50
240 26
241 24
242 51
243 76
244 82
245 87
246 90
247 14
248 9
249 67
250 50
251 30
252 85
253 94
254 49
255 7
256 96
257 81
258 3
259 3
260 63
261 94
262 19
263 60
264 28
265 46
266 66
267 14
268 12
269 65
270 20
271 6
272 27
273 97
274 11
275 57
276 37
277 15
278 56
279 89
280 65
281 21
282 24
283 1
284 24
285 26
286 59
287 97
288 95
289 57
290 85
291 84
292 77
293 41
294 91
295 61
296 13
297 94
298 81
299 22
300 33
301 20
302 34
303 83
304 45
305 13
306 80
307 84
308 91
309 53
310 99
311 10
312 56
313 82
314 64
315 15
316 67
317 14
318 11
319 6
320 61
321 97
322 30
323 81
324 77
325 36
326 17
327 19
328 38
329 76
330 60
331 50
332 28
333 93
334 80
335 29
336 52
337 15
338 70
339 16
340 17
341 14
342 65
343 21
344 56
345 94
346 79
347 95
348 63
349 21
350 99
351 2
352 58
353 13
354 22
355 21
356 18
357 20
358 57
359 96
360 51
361 19
362 43
363 26
364 6
365 23
366 44
367 28
368 81
369 66
370 18
371 69
372 39
373 85
374 59
375 17
376 15
377 5
378 0
379 89
380 48
381 0
382 9
383 36
384 14
385 30
386 54
387 64
388 81
389 52
390 67
391 29
392 49
393 79
394 87
395 79
396 50
397 35
398 12
399 64
400 86
401 28
402 63
403 55
404 64
405 63
406 1
407 95
408 32
409 51
410 8
411 85
412 5
413 26
414 99
415 18
416 74
417 50
418 62
419 19
420 38
421 5
422 2
423 26
424 46
425 8
426 11
427 72
428 26
429 69
430 42
431 60
432 5
433 52
434 93
435 83
436 1
437 40
438 43
439 64
440 67
441 7
442 90
443 40
444 87
445 4
446 6
447 82
448 25
449 70
450 24
451 68
452 80
453 90
454 36
455 22
456 44
457 26
458 40
459 17
460 35
461 76
462 95
463 29
464 12
465 46
466 13
467 40
468 94
469 79
470 25
471 37
472 20
473 59
474 30
475 5
476 66
477 49
478 26
479 21
480 7
481 59
482 42
483 49
484 24
485 48
486 71
487 50
488 10
489 57
490 93
491 91
492 84
493 37
494 83
495 47
496 45
497 41
498 63
499 98
500 62
501 37
502 35
503 41
504 43
505 82
506 45
507 16
508 13
509 94
510 51
511 67
512 60
513 63
514 64
515 38
516 74
517 90
518 32
519 66
520 72
521 17
522 75
523 80
524 83
525 71
526 18
527 45
528 39
529 83
530 89
531 34
532 42
533 65
534 41
535 71
536 97
537 16
538 42
539 25
540 81
541 19
542 33
543 35
544 12
545 91
546 45
547 10
548 69
549 1
550 84
551 50
552 14
553 66
554 1
555 71
556 57
557 79
558 48
559 73
560 47
561 79
562 73
563 22
564 81
565 80
566 51
567 42
568 61
569 33
570 73
571 93
572 5
573 51
574 4
575 22
576 51
577 40
578 9
579 88
580 70
581 85
582 37
583 10
584 92
585 60
586 43
587 89
588 53
589 72
590 81
591 73
592 87
593 21
594 11
595 60
596 49
597 89
598 84
599 91
600 78
