15
250
1 44
2 84
3 37
4 26
5 23
6 58
7 4
8 62
9 24
10 47
11 16
12 3
13 71
14 47
15 29
16 63
17 52
18 81
19 71
20 16
21 90
22 7
23 28
24 55
25 42
26 37
27 5
28 67
29 2
30 29
31 37
32 10
33 42
34 50
35 36
36 26
37 21
38 74
39 22
40 15
41 52
42 90
43 48
44 97
45 96
46 47
47 42
48 29
49 46
50 75
51 88
52 13
53 76
54 11
55 95
56 82
57 12
58 7
59 3
60 93
61 65
62 54
63 58
64 6
65 21
66 49
67 68
68 13
69 33
70 35
71 55
72 30
73 4
74 16
75 42
76 16
77 0
78 43
79 9
80 7
81 92
82 65
83 49
84 52
85 15
86 4
87 62
88 2
89 3
90 65
91 78
92 34
93 0
94 67
95 64
96 58
97 15
98 97
99 34
100 92
101 48
102 43
103 41
104 87
105 75
106 44
107 43
108 64
109 4
110 68
111 92
112 55
113 22
114 45
115 12
116 44
117 87
118 88
119 44
120 65
121 83
122 64
123 9
124 42
125 5
126 78
127 12
128 76
129 15
130 43
131 21
132 87
133 33
134 35
135 13
136 30
137 21
138 62
139 66
140 17
141 3
142 58
143 65
144 35
145 89
146 81
147 59
148 10
149 82
150 69
151 50
152 9
153 31
154 31
155 21
156 4
157 36
158 16
159 31
160 15
161 5
162 98
163 69
164 49
165 88
166 51
167 6
168 68
169 62
170 99
171 19
172 74
173 2
174 49
175 72
176 62
177 7
178 41
179 42
180 42
181 47
182 21
183 13
184 57
185 45
186 30
187 57
188 70
189 24
190 1
191 44
192 79
193 53
194 75
195 54
196 19
197 42
198 94
199 90
200 15
201 58
202 66
203 23
204 48
205 37
206 45
207 23
208 37
209 78
210 76
211 87
212 59
213 44
214 62
215 50
216 85
217 4
218 10
219 77
220 61
221 30
222 77
223 81
224 41
225 87
226 65
227 97
228 24
229 95
230 38
231 11
232 41
233 53
234 56
235 88
236 79
237 55
238 62
239 8
240 42
241 88
242 38
243 80
244 18
245 65
246 73
247 92
248 45
249 33
250 86
