10
100
1 67
2 52
3 24
4 44
5 7
6 65
7 76
8 21
9 46
10 30
11 72
12 73
13 78
14 99
15 14
16 88
17 28
18 28
19 74
20 36
21 87
22 19
23 25
24 44
25 4
26 59
27 63
28 50
29 11
30 41
31 27
32 75
33 71
34 45
35 12
36 40
37 71
38 61
39 25
40 88
41 17
42 58
43 35
44 21
45 29
46 16
47 7
48 1
49 31
50 78
51 55
52 79
53 27
54 94
55 53
56 62
57 86
58 99
59 19
60 10
61 70
62 44
63 35
64 81
65 62
66 92
67 67
68 21
69 48
70 73
71 30
72 42
73 99
74 70
75 1
76 34
77 73
78 35
79 52
80 58
81 19
82 83
83 57
84 48
85 37
86 1
87 99
88 49
89 78
90 28
91 12
92 30
93 31
94 95
95 89
96 82
97 4
98 54
99 68
100 99
