15
250
1 5
2 52
3 45
4 59
5 64
6 67
7 66
8 1
9 93
10 62
11 6
12 22
13 34
14 65
15 83
16 52
17 52
18 50
19 44
20 51
21 68
22 74
23 38
24 40
25 97
26 62
27 67
28 6
29 45
30 34
31 82
32 3
33 14
34 81
35 58
36 49
37 87
38 79
39 24
40 30
41 71
42 54
43 12
44 89
45 43
46 27
47 64
48 2
49 55
50 82
51 1
52 94
53 55
54 58
55 41
56 65
57 36
58 9
59 26
60 1
61 3
62 42
63 68
64 60
65 47
66 73
67 32
68 54
69 26
70 3
71 80
72 88
73 5
74 91
75 52
76 41
77 61
78 95
79 0
80 47
81 31
82 67
83 66
84 14
85 33
86 21
87 55
88 50
89 79
90 32
91 33
92 10
93 99
94 95
95 55
96 62
97 92
98 51
99 96
100 33
101 3
102 57
103 54
104 88
105 77
106 7
107 27
108 56
109 70
110 69
111 56
112 66
113 50
114 40
115 78
116 46
117 45
118 23
119 42
120 73
121 49
122 98
123 16
124 45
125 24
126 56
127 19
128 48
129 90
130 12
131 85
132 91
133 44
134 36
135 58
136 89
137 82
138 15
139 96
140 23
141 72
142 26
143 98
144 68
145 7
146 34
147 13
148 43
149 20
150 28
151 44
152 37
153 30
154 73
155 0
156 45
157 13
158 45
159 52
160 34
161 23
162 32
163 68
164 1
165 26
166 76
167 41
168 48
169 81
170 70
171 36
172 62
173 16
174 24
175 23
176 20
177 27
178 24
179 93
180 38
181 10
182 40
183 3
184 84
185 47
186 98
187 77
188 4
189 33
190 66
191 78
192 37
193 65
194 46
195 96
196 25
197 17
198 78
199 57
200 56
201 1
202 98
203 15
204 49
205 57
206 45
207 35
208 2
209 56
210 15
211 3
212 53
213 11
214 40
215 86
216 2
217 59
218 40
219 22
220 45
221 5
222 23
223 78
224 16
225 56
226 99
227 10
228 64
229 17
230 84
231 91
232 41
233 82
234 68
235 76
236 16
237 25
238 28
239 58
240 55
241 24
242 99
243 17
244 77
245 59
246 58
247 56
248 31
249 2
250 44
