22
500
1 54
2 79
3 72
4 47
5 76
6 47
7 16
8 95
9 26
10 88
11 6
12 81
13 61
14 25
15 19
16 73
17 59
18 21
19 59
20 1
21 46
22 22
23 57
24 42
25 66
26 72
27 79
28 25
29 56
30 68
31 68
32 8
33 35
34 90
35 70
36 43
37 88
38 99
39 72
40 85
41 54
42 19
43 4
44 24
45 37
46 48
47 11
48 54
49 90
50 89
51 66
52 20
53 41
54 62
55 25
56 25
57 31
58 81
59 87
60 5
61 63
62 65
63 73
64 49
65 25
66 63
67 19
68 99
69 5
70 88
71 81
72 18
73 74
74 69
75 95
76 51
77 63
78 5
79 41
80 35
81 24
82 32
83 50
84 98
85 86
86 9
87 56
88 61
89 32
90 56
91 42
92 89
93 21
94 54
95 8
96 95
97 99
98 30
99 40
100 68
101 95
102 97
103 86
104 78
105 29
106 45
107 31
108 68
109 55
110 44
111 79
112 15
113 16
114 24
115 13
116 7
117 14
118 34
119 68
120 90
121 37
122 8
123 31
124 96
125 0
126 79
127 95
128 95
129 10
130 51
131 53
132 65
133 50
134 58
135 99
136 24
137 4
138 65
139 79
140 42
141 65
142 15
143 11
144 63
145 43
146 75
147 45
148 17
149 81
150 77
151 27
152 19
153 45
154 92
155 84
156 93
157 38
158 47
159 41
160 48
161 94
162 30
163 6
164 10
165 18
166 52
167 53
168 45
169 58
170 71
171 9
172 29
173 65
174 32
175 12
176 31
177 72
178 82
179 83
180 81
181 83
182 10
183 32
184 41
185 84
186 17
187 95
188 47
189 81
190 26
191 74
192 7
193 38
194 30
195 98
196 7
197 44
198 18
199 58
200 49
201 61
202 93
203 7
204 49
205 3
206 43
207 27
208 79
209 28
210 37
211 35
212 56
213 60
214 90
215 80
216 68
217 51
218 12
219 45
220 75
221 91
222 5
223 67
224 44
225 3
226 45
227 39
228 52
229 2
230 21
231 32
232 95
233 85
234 81
235 2
236 38
237 3
238 23
239 51
240 46
241 19
242 0
243 93
244 9
245 97
246 89
247 41
248 71
249 58
250 75
251 38
252 62
253 70
254 3
255 87
256 3
257 44
258 30
259 91
260 37
261 53
262 48
263 87
264 44
265 15
266 40
267 73
268 57
269 65
270 28
271 48
272 37
273 27
274 59
275 8
276 96
277 56
278 58
279 41
280 39
281 20
282 15
283 29
284 61
285 49
286 73
287 70
288 67
289 34
290 36
291 55
292 11
293 49
294 12
295 93
296 92
297 70
298 94
299 14
300 77
301 81
302 43
303 18
304 47
305 71
306 42
307 94
308 9
309 94
310 53
311 44
312 51
313 2
314 36
315 76
316 67
317 47
318 98
319 68
320 76
321 12
322 12
323 86
324 8
325 3
326 16
327 4
328 62
329 31
330 99
331 19
332 13
333 20
334 31
335 22
336 77
337 81
338 61
339 65
340 48
341 67
342 7
343 80
344 92
345 47
346 82
347 33
348 28
349 22
350 14
351 78
352 40
353 15
354 2
355 18
356 34
357 61
358 80
359 44
360 91
361 82
362 31
363 41
364 39
365 68
366 5
367 86
368 55
369 41
370 64
371 82
372 13
373 88
374 11
375 43
376 10
377 28
378 80
379 68
380 68
381 81
382 58
383 3
384 89
385 70
386 55
387 85
388 0
389 88
390 13
391 15
392 19
393 62
394 25
395 16
396 63
397 98
398 76
399 21
400 64
401 13
402 22
403 44
404 61
405 35
406 81
407 76
408 56
409 24
410 36
411 11
412 47
413 28
414 13
415 59
416 28
417 94
418 93
419 80
420 82
421 1
422 38
423 67
424 77
425 32
426 95
427 63
428 51
429 86
430 28
431 72
432 38
433 98
434 21
435 37
436 39
437 38
438 50
439 27
440 60
441 4
442 25
443 89
444 53
445 91
446 36
447 3
448 72
449 6
450 77
451 63
452 20
453 78
454 44
455 91
456 18
457 47
458 48
459 92
460 52
461 53
462 94
463 29
464 78
465 54
466 83
467 67
468 94
469 87
470 5
471 81
472 47
473 16
474 34
475 85
476 11
477 17
478 98
479 62
480 30
481 75
482 6
483 73
484 55
485 5
486 78
487 15
488 66
489 91
490 27
491 81
492 47
493 69
494 17
495 27
496 83
497 89
498 5
499 15
500 0
