12
150
1 77
2 93
3 79
4 27
5 34
6 44
7 52
8 8
9 56
10 85
11 43
12 2
13 27
14 32
15 58
16 99
17 27
18 12
19 29
20 17
21 34
22 43
23 16
24 6
25 0
26 56
27 80
28 0
29 75
30 7
31 67
32 1
33 21
34 56
35 44
36 13
37 6
38 21
39 49
40 91
41 83
42 90
43 41
44 71
45 29
46 99
47 70
48 66
49 4
50 13
51 91
52 81
53 51
54 37
55 80
56 64
57 97
58 2
59 95
60 61
61 99
62 50
63 3
64 89
65 28
66 45
67 16
68 54
69 94
70 98
71 57
72 93
73 10
74 26
75 26
76 20
77 92
78 75
79 74
80 76
81 2
82 10
83 2
84 85
85 31
86 13
87 57
88 1
89 24
90 5
91 15
92 95
93 6
94 99
95 57
96 38
97 83
98 2
99 46
100 23
101 15
102 2
103 0
104 84
105 99
106 32
107 83
108 5
109 32
110 75
111 31
112 1
113 50
114 53
115 33
116 18
117 49
118 74
119 99
120 74
121 86
122 11
123 65
124 72
125 3
126 75
127 17
128 67
129 17
130 1
131 0
132 54
133 31
134 89
135 42
136 72
137 24
138 64
139 99
140 59
141 53
142 55
143 4
144 48
145 80
146 79
147 6
148 97
149 1
150 61
