24
600
1 80
2 45
3 47
4 92
5 73
6 93
7 62
8 78
9 14
10 3
11 1
12 95
13 63
14 47
15 78
16 20
17 61
18 76
19 97
20 74
21 83
22 31
23 60
24 50
25 85
26 18
27 36
28 42
29 37
30 65
31 25
32 79
33 51
34 44
35 99
36 98
37 43
38 34
39 65
40 76
41 26
42 58
43 48
44 26
45 46
46 77
47 60
48 79
49 97
50 4
51 58
52 82
53 97
54 91
55 90
56 7
57 62
58 63
59 18
60 49
61 81
62 37
63 80
64 86
65 92
66 29
67 36
68 5
69 95
70 30
71 9
72 57
73 85
74 99
75 37
76 14
77 89
78 71
79 77
80 40
81 96
82 70
83 52
84 76
85 8
86 53
87 65
88 77
89 84
90 25
91 15
92 56
93 23
94 31
95 64
96 43
97 27
98 47
99 94
100 18
101 29
102 35
103 66
104 28
105 59
106 78
107 48
108 63
109 87
110 79
111 69
112 33
113 36
114 76
115 16
116 3
117 72
118 25
119 71
120 74
121 43
122 7
123 29
124 32
125 58
126 21
127 5
128 81
129 44
130 86
131 66
132 72
133 3
134 11
135 2
136 41
137 96
138 36
139 38
140 41
141 16
142 27
143 40
144 81
145 39
146 54
147 24
148 16
149 96
150 19
151 5
152 68
153 55
154 17
155 83
156 92
157 71
158 25
159 86
160 99
161 63
162 7
163 47
164 33
165 91
166 15
167 55
168 41
169 48
170 29
171 30
172 7
173 53
174 53
175 41
176 16
177 95
178 43
179 47
180 86
181 12
182 19
183 38
184 14
185 68
186 48
187 90
188 98
189 33
190 85
191 17
192 4
193 92
194 85
195 21
196 18
197 45
198 92
199 11
200 34
201 83
202 43
203 64
204 22
205 66
206 59
207 33
208 34
209 42
210 35
211 37
212 51
213 37
214 88
215 60
216 0
217 78
218 32
219 97
220 98
221 25
222 67
223 80
224 33
225 15
226 56
227 48
228 86
229 2
230 84
231 19
232 82
233 50
234 64
235 52
236 46
237 30
238 94
239 80
240 11
241 38
242 35
243 11
244 60
245 59
246 20
247 73
248 2
249 6
250 59
251 48
252 86
253 54
254 16
255 84
256 11
257 28
258 21
259 37
260 51
261 25
262 32
263 74
264 60
265 27
266 60
267 87
268 38
269 50
270 15
271 70
272 11
273 54
274 94
275 96
276 68
277 9
278 6
279 14
280 93
281 66
282 99
283 51
284 84
285 9
286 32
287 56
288 83
289 15
290 84
291 91
292 82
293 35
294 68
295 39
296 87
297 79
298 57
299 0
300 11
301 93
302 64
303 79
304 63
305 93
306 5
307 84
308 57
309 8
310 45
311 79
312 75
313 31
314 92
315 27
316 52
317 50
318 63
319 86
320 75
321 0
322 72
323 11
324 46
325 44
326 44
327 9
328 94
329 50
330 58
331 71
332 12
333 52
334 26
335 42
336 70
337 33
338 59
339 3
340 72
341 91
342 78
343 68
344 50
345 1
346 73
347 55
348 24
349 72
350 45
351 40
352 21
353 56
354 41
355 43
356 49
357 79
358 31
359 53
360 30
361 65
362 76
363 53
364 58
365 66
366 28
367 44
368 40
369 57
370 32
371 82
372 72
373 75
374 14
375 76
376 60
377 81
378 66
379 51
380 2
381 23
382 22
383 11
384 52
385 37
386 95
387 25
388 0
389 40
390 31
391 27
392 76
393 2
394 41
395 37
396 81
397 44
398 88
399 5
400 9
401 96
402 73
403 44
404 10
405 87
406 79
407 69
408 91
409 29
410 96
411 51
412 58
413 52
414 74
415 63
416 92
417 20
418 51
419 24
420 66
421 60
422 15
423 94
424 5
425 42
426 89
427 75
428 80
429 29
430 53
431 17
432 65
433 12
434 21
435 89
436 74
437 84
438 54
439 5
440 79
441 47
442 34
443 72
444 74
445 39
446 56
447 63
448 45
449 5
450 61
451 37
452 88
453 51
454 70
455 68
456 67
457 34
458 87
459 59
460 65
461 66
462 66
463 51
464 84
465 48
466 29
467 62
468 39
469 9
470 43
471 32
472 18
473 85
474 53
475 69
476 76
477 7
478 54
479 29
480 60
481 41
482 96
483 6
484 10
485 96
486 34
487 63
488 16
489 80
490 11
491 2
492 57
493 58
494 57
495 16
496 59
497 8
498 64
499 6
500 3
501 55
502 65
503 36
504 97
505 57
506 16
507 78
508 92
509 85
510 2
511 83
512 44
513 10
514 20
515 81
516 91
517 79
518 29
519 96
520 27
521 50
522 74
523 15
524 71
525 98
526 4
527 20
528 32
529 16
530 66
531 33
532 23
533 34
534 50
535 7
536 73
537 57
538 23
539 20
540 36
541 96
542 14
543 94
544 16
545 65
546 81
547 18
548 57
549 74
550 36
551 87
552 0
553 94
554 31
555 54
556 37
557 58
558 77
559 39
560 89
561 96
562 76
563 63
564 46
565 8
566 41
567 70
568 69
569 43
570 15
571 6
572 93
573 36
574 28
575 21
576 2
577 15
578 52
579 83
580 73
581 86
582 71
583 7
584 0
585 14
586 86
587 52
588 96
589 17
590 50
591 45
592 45
593 92
594 33
595 13
596 18
597 60
598 97
599 73
600 73
