12
150
1 25
2 2
3 40
4 99
5 1
6 27
7 90
8 73
9 39
10 60
11 67
12 5
13 43
14 58
15 79
16 58
17 70
18 0
19 30
20 74
21 23
22 69
23 81
24 64
25 50
26 71
27 9
28 70
29 63
30 69
31 31
32 53
33 86
34 38
35 99
36 64
37 89
38 83
39 19
40 4
41 53
42 23
43 88
44 83
45 15
46 57
47 79
48 52
49 86
50 22
51 9
52 6
53 1
54 42
55 53
56 75
57 30
58 42
59 99
60 82
61 34
62 16
63 2
64 34
65 34
66 40
67 3
68 65
69 7
70 54
71 66
72 13
73 10
74 8
75 99
76 33
77 18
78 93
79 45
80 97
81 94
82 48
83 79
84 69
85 52
86 89
87 28
88 7
89 80
90 50
91 93
92 87
93 19
94 7
95 2
96 36
97 23
98 47
99 61
100 22
101 76
102 77
103 10
104 16
105 17
106 60
107 40
108 16
109 9
110 87
111 91
112 45
113 26
114 73
115 41
116 17
117 68
118 45
119 11
120 63
121 18
122 2
123 7
124 8
125 89
126 88
127 22
128 63
129 74
130 31
131 92
132 95
133 99
134 84
135 49
136 42
137 44
138 45
139 80
140 99
141 56
142 61
143 71
144 76
145 46
146 50
147 14
148 50
149 72
150 40
