18
350
1 95
2 48
3 70
4 78
5 61
6 1
7 66
8 9
9 75
10 56
11 83
12 16
13 83
14 33
15 53
16 78
17 79
18 23
19 6
20 31
21 41
22 49
23 98
24 88
25 62
26 71
27 7
28 88
29 75
30 20
31 32
32 71
33 54
34 50
35 77
36 81
37 47
38 60
39 20
40 97
41 10
42 3
43 82
44 92
45 34
46 3
47 49
48 62
49 33
50 2
51 66
52 20
53 63
54 21
55 44
56 91
57 81
58 58
59 43
60 76
61 69
62 69
63 20
64 85
65 52
66 18
67 42
68 1
69 53
70 57
71 70
72 88
73 14
74 74
75 84
76 2
77 53
78 80
79 13
80 71
81 92
82 29
83 74
84 71
85 82
86 35
87 67
88 80
89 18
90 70
91 17
92 8
93 38
94 83
95 97
96 37
97 85
98 13
99 61
100 9
101 70
102 98
103 70
104 79
105 13
106 40
107 46
108 10
109 97
110 95
111 17
112 59
113 0
114 88
115 66
116 5
117 58
118 72
119 82
120 37
121 28
122 92
123 31
124 32
125 46
126 20
127 44
128 51
129 21
130 37
131 31
132 94
133 67
134 8
135 70
136 77
137 64
138 58
139 94
140 11
141 17
142 11
143 72
144 40
145 96
146 96
147 10
148 90
149 44
150 96
151 70
152 64
153 93
154 98
155 27
156 32
157 12
158 41
159 45
160 79
161 4
162 73
163 31
164 36
165 31
166 99
167 67
168 50
169 84
170 71
171 30
172 50
173 26
174 78
175 40
176 56
177 14
178 44
179 38
180 50
181 60
182 3
183 79
184 52
185 52
186 27
187 12
188 51
189 69
190 5
191 92
192 14
193 42
194 99
195 89
196 42
197 51
198 19
199 52
200 54
201 99
202 96
203 94
204 71
205 4
206 66
207 15
208 81
209 93
210 68
211 67
212 12
213 29
214 17
215 20
216 69
217 57
218 84
219 99
220 86
221 24
222 54
223 72
224 90
225 3
226 7
227 77
228 73
229 6
230 80
231 32
232 41
233 34
234 68
235 76
236 53
237 69
238 32
239 45
240 95
241 97
242 37
243 52
244 56
245 44
246 58
247 15
248 3
249 4
250 76
251 71
252 73
253 93
254 55
255 23
256 37
257 3
258 85
259 76
260 85
261 93
262 2
263 34
264 51
265 2
266 99
267 54
268 1
269 44
270 65
271 8
272 40
273 34
274 22
275 46
276 76
277 56
278 22
279 30
280 83
281 61
282 20
283 20
284 39
285 66
286 72
287 27
288 22
289 38
290 66
291 81
292 73
293 68
294 49
295 91
296 61
297 1
298 18
299 76
300 74
301 39
302 75
303 46
304 85
305 49
306 84
307 79
308 66
309 66
310 25
311 2
312 3
313 8
314 86
315 2
316 9
317 56
318 52
319 12
320 1
321 16
322 14
323 24
324 54
325 18
326 20
327 59
328 81
329 17
330 0
331 4
332 9
333 78
334 91
335 21
336 95
337 8
338 30
339 5
340 79
341 97
342 2
343 15
344 65
345 21
346 17
347 22
348 2
349 6
350 84
