22
500
1 70
2 33
3 25
4 58
5 91
6 20
7 17
8 22
9 32
10 53
11 56
12 38
13 12
14 13
15 90
16 28
17 53
18 46
19 26
20 43
21 55
22 33
23 16
24 27
25 43
26 73
27 75
28 24
29 85
30 50
31 3
32 10
33 32
34 66
35 99
36 20
37 34
38 75
39 37
40 13
41 1
42 26
43 74
44 65
45 84
46 4
47 17
48 92
49 28
50 68
51 9
52 26
53 70
54 80
55 18
56 79
57 94
58 29
59 30
60 61
61 54
62 59
63 13
64 41
65 53
66 42
67 19
68 99
69 23
70 72
71 78
72 67
73 65
74 31
75 22
76 85
77 67
78 49
79 18
80 40
81 59
82 59
83 6
84 99
85 61
86 47
87 92
88 68
89 85
90 48
91 24
92 23
93 12
94 97
95 42
96 19
97 14
98 77
99 18
100 8
101 30
102 22
103 36
104 13
105 56
106 7
107 60
108 8
109 29
110 40
111 29
112 41
113 37
114 18
115 38
116 24
117 33
118 13
119 40
120 12
121 8
122 96
123 18
124 28
125 47
126 51
127 8
128 0
129 34
130 50
131 79
132 70
133 43
134 77
135 28
136 79
137 1
138 63
139 92
140 2
141 98
142 78
143 23
144 90
145 22
146 51
147 76
148 48
149 68
150 31
151 68
152 56
153 72
154 33
155 8
156 46
157 39
158 29
159 50
160 19
161 34
162 99
163 13
164 5
165 98
166 34
167 81
168 88
169 9
170 80
171 61
172 69
173 78
174 62
175 31
176 85
177 83
178 68
179 58
180 35
181 16
182 12
183 67
184 63
185 21
186 61
187 70
188 68
189 60
190 40
191 25
192 73
193 73
194 14
195 59
196 33
197 55
198 8
199 23
200 49
201 12
202 84
203 56
204 46
205 18
206 49
207 21
208 88
209 16
210 75
211 14
212 1
213 64
214 12
215 13
216 79
217 54
218 63
219 83
220 70
221 47
222 95
223 36
224 42
225 41
226 32
227 54
228 30
229 82
230 91
231 66
232 69
233 84
234 84
235 45
236 66
237 60
238 26
239 73
240 83
241 24
242 22
243 41
244 98
245 23
246 8
247 35
248 61
249 52
250 58
251 45
252 0
253 62
254 43
255 55
256 9
257 2
258 1
259 66
260 16
261 91
262 84
263 39
264 45
265 72
266 88
267 40
268 40
269 21
270 37
271 20
272 55
273 92
274 94
275 3
276 11
277 95
278 59
279 88
280 40
281 14
282 20
283 26
284 59
285 42
286 55
287 26
288 27
289 21
290 98
291 7
292 92
293 6
294 23
295 65
296 85
297 42
298 80
299 88
300 72
301 9
302 19
303 65
304 72
305 7
306 11
307 59
308 46
309 70
310 70
311 72
312 22
313 80
314 39
315 7
316 49
317 23
318 60
319 30
320 4
321 81
322 17
323 48
324 56
325 84
326 58
327 40
328 80
329 98
330 24
331 74
332 90
333 5
334 4
335 36
336 90
337 78
338 65
339 78
340 21
341 2
342 40
343 35
344 40
345 36
346 53
347 7
348 36
349 50
350 85
351 22
352 55
353 71
354 18
355 22
356 70
357 47
358 96
359 97
360 72
361 65
362 32
363 10
364 82
365 23
366 30
367 74
368 56
369 64
370 36
371 80
372 23
373 42
374 49
375 10
376 1
377 47
378 76
379 0
380 7
381 17
382 74
383 10
384 89
385 39
386 55
387 81
388 5
389 48
390 30
391 43
392 30
393 43
394 3
395 52
396 44
397 28
398 7
399 74
400 39
401 86
402 68
403 65
404 0
405 86
406 50
407 36
408 63
409 24
410 93
411 12
412 38
413 57
414 76
415 38
416 14
417 88
418 31
419 81
420 93
421 75
422 94
423 6
424 1
425 19
426 87
427 32
428 45
429 97
430 55
431 80
432 54
433 95
434 44
435 69
436 64
437 53
438 82
439 21
440 23
441 5
442 56
443 20
444 45
445 79
446 62
447 3
448 65
449 63
450 54
451 30
452 47
453 85
454 60
455 19
456 79
457 5
458 62
459 21
460 12
461 60
462 81
463 0
464 18
465 88
466 62
467 47
468 3
469 33
470 94
471 70
472 80
473 90
474 85
475 20
476 4
477 33
478 9
479 48
480 15
481 67
482 87
483 59
484 97
485 0
486 78
487 60
488 73
489 51
490 78
491 72
492 56
493 15
494 1
495 51
496 55
497 28
498 60
499 53
500 82
