10
100
1 98
2 21
3 15
4 8
5 6
6 24
7 99
8 35
9 26
10 73
11 43
12 21
13 68
14 55
15 13
16 5
17 33
18 58
19 49
20 46
21 97
22 62
23 46
24 28
25 1
26 59
27 0
28 36
29 59
30 63
31 45
32 94
33 77
34 47
35 64
36 58
37 96
38 7
39 33
40 39
41 96
42 49
43 34
44 69
45 41
46 81
47 26
48 25
49 0
50 95
51 39
52 83
53 80
54 37
55 40
56 64
57 48
58 19
59 61
60 58
61 57
62 13
63 36
64 45
65 30
66 62
67 8
68 47
69 4
70 56
71 79
72 64
73 41
74 27
75 86
76 53
77 65
78 35
79 34
80 43
81 23
82 13
83 68
84 13
85 14
86 5
87 4
88 7
89 99
90 68
91 90
92 17
93 88
94 17
95 73
96 80
97 39
98 5
99 82
100 27
