24
600
1 24
2 15
3 11
4 72
5 97
6 89
7 44
8 63
9 3
10 43
11 11
12 27
13 31
14 66
15 24
16 93
17 79
18 87
19 76
20 31
21 29
22 64
23 28
24 34
25 33
26 90
27 27
28 43
29 5
30 30
31 45
32 50
33 98
34 33
35 95
36 17
37 89
38 97
39 25
40 76
41 67
42 53
43 90
44 93
45 77
46 64
47 34
48 42
49 44
50 91
51 68
52 99
53 44
54 21
55 87
56 23
57 61
58 9
59 92
60 60
61 43
62 92
63 85
64 35
65 47
66 48
67 24
68 81
69 79
70 21
71 79
72 39
73 47
74 41
75 44
76 49
77 83
78 15
79 67
80 55
81 41
82 78
83 7
84 92
85 51
86 25
87 62
88 45
89 18
90 56
91 96
92 7
93 58
94 4
95 31
96 45
97 77
98 96
99 22
100 12
101 52
102 44
103 88
104 52
105 50
106 72
107 20
108 96
109 4
110 75
111 74
112 35
113 70
114 77
115 45
116 23
117 7
118 62
119 9
120 99
121 23
122 68
123 57
124 56
125 66
126 60
127 1
128 68
129 86
130 10
131 89
132 48
133 55
134 60
135 46
136 40
137 7
138 54
139 27
140 57
141 93
142 95
143 84
144 22
145 35
146 63
147 59
148 84
149 67
150 8
151 79
152 81
153 74
154 76
155 86
156 40
157 60
158 59
159 60
160 68
161 9
162 41
163 46
164 39
165 5
166 19
167 77
168 41
169 40
170 81
171 55
172 82
173 49
174 1
175 1
176 64
177 52
178 16
179 36
180 22
181 83
182 29
183 1
184 99
185 82
186 52
187 7
188 39
189 84
190 84
191 11
192 33
193 38
194 54
195 12
196 13
197 2
198 42
199 87
200 41
201 56
202 48
203 55
204 91
205 81
206 51
207 80
208 94
209 25
210 53
211 0
212 62
213 65
214 72
215 15
216 77
217 7
218 77
219 85
220 29
221 5
222 40
223 72
224 28
225 24
226 48
227 40
228 11
229 13
230 17
231 74
232 59
233 51
234 52
235 8
236 62
237 96
238 22
239 47
240 38
241 67
242 53
243 68
244 4
245 74
246 45
247 81
248 80
249 17
250 23
251 67
252 17
253 75
254 96
255 69
256 31
257 65
258 16
259 36
260 57
261 30
262 44
263 35
264 67
265 45
266 43
267 23
268 88
269 71
270 66
271 24
272 50
273 72
274 37
275 82
276 27
277 65
278 67
279 22
280 82
281 80
282 64
283 57
284 87
285 67
286 50
287 87
288 16
289 80
290 25
291 90
292 7
293 86
294 23
295 34
296 73
297 74
298 36
299 9
300 56
301 29
302 96
303 20
304 33
305 41
306 24
307 97
308 88
309 72
310 72
311 71
312 73
313 92
314 14
315 84
316 89
317 49
318 67
319 62
320 70
321 77
322 71
323 38
324 84
325 97
326 90
327 51
328 81
329 82
330 28
331 26
332 4
333 15
334 46
335 63
336 23
337 11
338 91
339 78
340 50
341 63
342 62
343 93
344 36
345 85
346 33
347 99
348 69
349 60
350 47
351 70
352 49
353 8
354 39
355 38
356 89
357 62
358 37
359 45
360 24
361 81
362 98
363 64
364 41
365 20
366 60
367 60
368 68
369 80
370 65
371 7
372 23
373 51
374 26
375 45
376 63
377 71
378 96
379 38
380 24
381 45
382 97
383 42
384 81
385 20
386 48
387 32
388 86
389 90
390 0
391 17
392 53
393 95
394 79
395 57
396 27
397 45
398 60
399 44
400 64
401 45
402 14
403 46
404 21
405 87
406 16
407 82
408 66
409 70
410 11
411 45
412 25
413 7
414 91
415 11
416 7
417 83
418 18
419 51
420 38
421 84
422 10
423 19
424 71
425 20
426 82
427 12
428 5
429 30
430 73
431 91
432 92
433 23
434 71
435 26
436 48
437 44
438 20
439 38
440 6
441 66
442 31
443 61
444 13
445 11
446 0
447 5
448 97
449 68
450 94
451 87
452 2
453 9
454 25
455 11
456 20
457 92
458 87
459 85
460 20
461 66
462 55
463 73
464 2
465 0
466 11
467 60
468 45
469 66
470 14
471 63
472 9
473 43
474 59
475 41
476 84
477 64
478 83
479 76
480 89
481 11
482 99
483 89
484 61
485 52
486 63
487 29
488 95
489 51
490 3
491 65
492 64
493 65
494 29
495 54
496 68
497 2
498 62
499 58
500 96
501 60
502 42
503 70
504 29
505 25
506 67
507 13
508 73
509 43
510 54
511 44
512 30
513 60
514 26
515 16
516 48
517 74
518 78
519 80
520 29
521 93
522 13
523 94
524 20
525 24
526 9
527 97
528 73
529 43
530 9
531 75
532 77
533 59
534 80
535 58
536 73
537 64
538 84
539 85
540 94
541 31
542 39
543 56
544 40
545 71
546 2
547 96
548 39
549 70
550 88
551 73
552 56
553 74
554 50
555 79
556 41
557 47
558 77
559 20
560 5
561 61
562 84
563 23
564 91
565 66
566 36
567 30
568 33
569 52
570 22
571 78
572 20
573 85
574 24
575 17
576 35
577 92
578 76
579 61
580 70
581 89
582 30
583 68
584 26
585 15
586 37
587 61
588 54
589 45
590 74
591 77
592 13
593 11
594 9
595 95
596 47
597 41
598 25
599 85
600 77
