21
450
1 9
2 16
3 28
4 13
5 23
6 57
7 44
8 63
9 75
10 32
11 15
12 72
13 43
14 31
15 43
16 26
17 97
18 55
19 35
20 94
21 2
22 2
23 60
24 8
25 22
26 40
27 52
28 41
29 24
30 15
31 18
32 1
33 91
34 69
35 9
36 95
37 91
38 68
39 69
40 52
41 61
42 93
43 24
44 81
45 41
46 50
47 10
48 2
49 70
50 93
51 83
52 92
53 53
54 47
55 62
56 94
57 8
58 12
59 59
60 89
61 90
62 22
63 51
64 29
65 71
66 33
67 0
68 28
69 53
70 11
71 40
72 13
73 23
74 78
75 99
76 25
77 11
78 77
79 81
80 44
81 51
82 89
83 74
84 75
85 37
86 0
87 40
88 0
89 55
90 28
91 55
92 14
93 45
94 30
95 73
96 53
97 62
98 93
99 49
100 90
101 19
102 60
103 2
104 15
105 32
106 13
107 77
108 1
109 13
110 72
111 67
112 35
113 73
114 62
115 81
116 23
117 85
118 85
119 51
120 47
121 19
122 26
123 76
124 60
125 23
126 52
127 92
128 9
129 0
130 90
131 3
132 59
133 44
134 55
135 42
136 30
137 21
138 12
139 21
140 63
141 80
142 90
143 16
144 24
145 63
146 38
147 36
148 30
149 87
150 39
151 57
152 10
153 25
154 4
155 25
156 48
157 43
158 39
159 92
160 12
161 84
162 38
163 44
164 78
165 88
166 76
167 53
168 5
169 13
170 80
171 21
172 37
173 38
174 35
175 93
176 11
177 58
178 96
179 95
180 37
181 62
182 13
183 0
184 19
185 29
186 0
187 96
188 92
189 21
190 52
191 10
192 95
193 94
194 6
195 26
196 51
197 59
198 76
199 45
200 1
201 5
202 73
203 51
204 5
205 52
206 76
207 12
208 79
209 81
210 19
211 97
212 77
213 50
214 36
215 4
216 99
217 14
218 87
219 59
220 66
221 40
222 93
223 17
224 97
225 51
226 42
227 66
228 70
229 53
230 35
231 64
232 98
233 52
234 43
235 32
236 41
237 90
238 16
239 87
240 29
241 9
242 17
243 4
244 97
245 99
246 55
247 23
248 77
249 24
250 85
251 78
252 89
253 86
254 81
255 89
256 76
257 35
258 30
259 91
260 92
261 10
262 87
263 65
264 91
265 95
266 42
267 19
268 0
269 25
270 59
271 22
272 80
273 13
274 12
275 90
276 33
277 85
278 50
279 23
280 70
281 92
282 18
283 39
284 33
285 2
286 38
287 90
288 46
289 65
290 2
291 71
292 7
293 82
294 75
295 81
296 81
297 41
298 94
299 62
300 38
301 51
302 10
303 35
304 50
305 34
306 93
307 51
308 5
309 8
310 70
311 31
312 82
313 34
314 18
315 36
316 42
317 92
318 28
319 41
320 59
321 62
322 1
323 16
324 13
325 77
326 84
327 98
328 4
329 39
330 79
331 7
332 84
333 86
334 64
335 76
336 45
337 84
338 72
339 21
340 49
341 64
342 31
343 27
344 45
345 1
346 57
347 11
348 5
349 12
350 99
351 85
352 4
353 65
354 65
355 11
356 85
357 27
358 12
359 2
360 19
361 13
362 61
363 27
364 96
365 0
366 2
367 13
368 69
369 74
370 85
371 6
372 90
373 33
374 67
375 24
376 18
377 54
378 70
379 14
380 16
381 2
382 32
383 99
384 93
385 15
386 84
387 68
388 71
389 64
390 39
391 93
392 83
393 26
394 79
395 30
396 44
397 62
398 3
399 68
400 55
401 92
402 76
403 28
404 30
405 3
406 12
407 9
408 73
409 28
410 71
411 33
412 29
413 2
414 94
415 65
416 74
417 75
418 80
419 54
420 19
421 88
422 99
423 29
424 59
425 10
426 27
427 4
428 27
429 81
430 36
431 23
432 55
433 79
434 13
435 33
436 47
437 66
438 46
439 98
440 4
441 32
442 46
443 46
444 87
445 16
446 34
447 25
448 82
449 82
450 95
