21
450
1 43
2 18
3 63
4 46
5 96
6 78
7 79
8 65
9 74
10 69
11 3
12 76
13 22
14 23
15 65
16 75
17 80
18 91
19 10
20 20
21 75
22 79
23 29
24 4
25 87
26 19
27 89
28 22
29 77
30 49
31 89
32 19
33 85
34 64
35 17
36 85
37 69
38 73
39 62
40 17
41 21
42 37
43 23
44 71
45 95
46 88
47 39
48 46
49 39
50 72
51 30
52 65
53 65
54 61
55 7
56 66
57 88
58 12
59 29
60 69
61 51
62 72
63 46
64 26
65 71
66 72
67 74
68 16
69 48
70 28
71 28
72 65
73 1
74 39
75 47
76 64
77 79
78 34
79 24
80 77
81 54
82 39
83 47
84 77
85 94
86 69
87 58
88 82
89 48
90 72
91 77
92 25
93 33
94 29
95 97
96 67
97 90
98 77
99 64
100 46
101 88
102 15
103 49
104 30
105 19
106 95
107 81
108 72
109 77
110 80
111 49
112 6
113 95
114 94
115 4
116 76
117 22
118 7
119 69
120 88
121 53
122 9
123 3
124 94
125 76
126 65
127 9
128 55
129 54
130 50
131 32
132 32
133 81
134 41
135 72
136 70
137 71
138 89
139 23
140 34
141 33
142 19
143 17
144 51
145 34
146 52
147 77
148 87
149 45
150 42
151 57
152 59
153 61
154 29
155 77
156 75
157 47
158 8
159 7
160 43
161 63
162 57
163 91
164 96
165 28
166 86
167 14
168 2
169 56
170 45
171 3
172 86
173 59
174 7
175 5
176 33
177 17
178 49
179 70
180 94
181 28
182 31
183 74
184 77
185 85
186 90
187 9
188 16
189 94
190 58
191 6
192 37
193 73
194 85
195 19
196 50
197 75
198 60
199 6
200 86
201 35
202 76
203 83
204 25
205 0
206 91
207 49
208 76
209 62
210 37
211 23
212 99
213 22
214 34
215 87
216 0
217 24
218 75
219 53
220 1
221 74
222 42
223 43
224 82
225 7
226 82
227 38
228 20
229 37
230 53
231 77
232 66
233 84
234 68
235 17
236 51
237 71
238 13
239 32
240 32
241 42
242 92
243 20
244 64
245 79
246 34
247 76
248 42
249 24
250 9
251 15
252 51
253 41
254 57
255 49
256 46
257 2
258 17
259 2
260 97
261 83
262 1
263 22
264 18
265 51
266 15
267 7
268 98
269 76
270 14
271 27
272 37
273 1
274 59
275 53
276 61
277 76
278 84
279 91
280 61
281 11
282 50
283 70
284 54
285 69
286 59
287 45
288 81
289 10
290 40
291 97
292 98
293 91
294 98
295 38
296 14
297 72
298 88
299 56
300 8
301 64
302 69
303 29
304 79
305 51
306 60
307 70
308 36
309 4
310 64
311 45
312 50
313 42
314 75
315 85
316 17
317 22
318 67
319 86
320 38
321 26
322 33
323 1
324 33
325 36
326 30
327 16
328 13
329 14
330 75
331 47
332 85
333 42
334 8
335 94
336 14
337 0
338 65
339 59
340 96
341 63
342 65
343 36
344 97
345 81
346 85
347 62
348 80
349 94
350 50
351 85
352 47
353 92
354 51
355 24
356 82
357 38
358 89
359 61
360 25
361 50
362 36
363 10
364 16
365 82
366 75
367 67
368 29
369 55
370 85
371 44
372 58
373 65
374 84
375 60
376 78
377 44
378 67
379 64
380 80
381 23
382 71
383 18
384 19
385 6
386 94
387 41
388 60
389 93
390 73
391 73
392 24
393 56
394 88
395 76
396 65
397 13
398 28
399 72
400 18
401 73
402 52
403 57
404 68
405 3
406 85
407 20
408 93
409 62
410 5
411 75
412 52
413 64
414 87
415 79
416 1
417 53
418 26
419 7
420 51
421 66
422 68
423 47
424 16
425 76
426 1
427 89
428 21
429 65
430 13
431 32
432 91
433 70
434 78
435 67
436 90
437 72
438 43
439 21
440 18
441 12
442 15
443 50
444 80
445 29
446 34
447 63
448 47
449 20
450 43
