22
500
1 58
2 47
3 57
4 59
5 97
6 22
7 4
8 25
9 6
10 43
11 74
12 61
13 34
14 84
15 63
16 15
17 29
18 3
19 50
20 51
21 59
22 35
23 80
24 29
25 73
26 0
27 21
28 22
29 51
30 91
31 6
32 99
33 14
34 40
35 22
36 85
37 29
38 9
39 87
40 45
41 1
42 52
43 28
44 88
45 6
46 80
47 84
48 88
49 54
50 16
51 94
52 3
53 73
54 74
55 44
56 17
57 11
58 0
59 99
60 98
61 25
62 70
63 25
64 57
65 14
66 24
67 90
68 36
69 22
70 81
71 17
72 5
73 66
74 17
75 11
76 30
77 63
78 55
79 42
80 97
81 42
82 20
83 87
84 14
85 41
86 1
87 30
88 55
89 39
90 55
91 60
92 79
93 50
94 30
95 47
96 58
97 14
98 7
99 14
100 1
101 3
102 75
103 75
104 49
105 56
106 74
107 14
108 55
109 70
110 65
111 49
112 36
113 11
114 64
115 70
116 66
117 64
118 19
119 46
120 39
121 39
122 96
123 46
124 24
125 63
126 18
127 84
128 75
129 66
130 70
131 73
132 76
133 45
134 31
135 34
136 86
137 10
138 80
139 5
140 82
141 78
142 49
143 4
144 51
145 39
146 30
147 78
148 77
149 97
150 38
151 19
152 53
153 54
154 88
155 55
156 22
157 92
158 28
159 47
160 23
161 42
162 20
163 19
164 92
165 27
166 61
167 91
168 87
169 66
170 90
171 37
172 72
173 76
174 41
175 5
176 92
177 9
178 42
179 91
180 27
181 73
182 84
183 58
184 69
185 15
186 22
187 66
188 81
189 76
190 99
191 17
192 14
193 70
194 62
195 72
196 14
197 37
198 33
199 17
200 91
201 99
202 37
203 25
204 69
205 12
206 28
207 94
208 70
209 76
210 27
211 98
212 98
213 64
214 71
215 95
216 60
217 76
218 66
219 88
220 77
221 56
222 34
223 14
224 16
225 78
226 87
227 25
228 90
229 49
230 95
231 2
232 68
233 13
234 56
235 93
236 24
237 17
238 33
239 0
240 29
241 38
242 53
243 46
244 36
245 89
246 37
247 2
248 60
249 84
250 97
251 84
252 29
253 79
254 23
255 30
256 21
257 67
258 67
259 21
260 31
261 64
262 83
263 79
264 86
265 47
266 63
267 29
268 46
269 55
270 98
271 63
272 46
273 26
274 41
275 91
276 13
277 16
278 16
279 71
280 23
281 3
282 98
283 90
284 9
285 94
286 80
287 1
288 89
289 59
290 35
291 24
292 10
293 25
294 45
295 8
296 91
297 27
298 19
299 14
300 26
301 59
302 97
303 30
304 23
305 23
306 10
307 5
308 59
309 54
310 54
311 97
312 60
313 29
314 73
315 42
316 51
317 52
318 90
319 18
320 89
321 35
322 10
323 59
324 26
325 1
326 77
327 5
328 56
329 40
330 99
331 55
332 77
333 57
334 99
335 58
336 66
337 15
338 48
339 9
340 68
341 79
342 72
343 97
344 47
345 50
346 19
347 41
348 80
349 94
350 50
351 50
352 44
353 31
354 65
355 4
356 81
357 59
358 10
359 18
360 18
361 46
362 16
363 48
364 71
365 84
366 8
367 51
368 66
369 37
370 8
371 18
372 0
373 22
374 82
375 47
376 64
377 58
378 52
379 46
380 91
381 59
382 42
383 21
384 14
385 28
386 75
387 9
388 33
389 21
390 53
391 78
392 32
393 81
394 29
395 2
396 11
397 72
398 88
399 45
400 54
401 69
402 53
403 40
404 0
405 27
406 20
407 51
408 35
409 93
410 55
411 97
412 58
413 60
414 7
415 55
416 67
417 96
418 21
419 46
420 14
421 83
422 47
423 46
424 54
425 77
426 59
427 15
428 31
429 43
430 51
431 92
432 57
433 95
434 0
435 3
436 12
437 24
438 69
439 80
440 9
441 99
442 24
443 14
444 34
445 40
446 57
447 52
448 55
449 97
450 82
451 45
452 21
453 94
454 26
455 38
456 40
457 30
458 96
459 93
460 8
461 66
462 49
463 75
464 88
465 82
466 68
467 36
468 4
469 70
470 75
471 91
472 49
473 16
474 39
475 18
476 39
477 4
478 95
479 99
480 42
481 85
482 14
483 76
484 10
485 73
486 35
487 57
488 6
489 88
490 11
491 60
492 69
493 75
494 86
495 35
496 36
497 76
498 42
499 14
500 91
