21
450
1 0
2 7
3 1
4 19
5 48
6 66
7 92
8 32
9 36
10 31
11 16
12 47
13 97
14 77
15 95
16 80
17 62
18 98
19 54
20 36
21 57
22 22
23 66
24 3
25 3
26 70
27 82
28 25
29 30
30 39
31 83
32 45
33 88
34 42
35 70
36 24
37 70
38 69
39 74
40 82
41 52
42 75
43 19
44 13
45 61
46 81
47 11
48 35
49 60
50 85
51 8
52 41
53 41
54 85
55 67
56 66
57 49
58 9
59 47
60 88
61 21
62 25
63 79
64 68
65 61
66 42
67 54
68 13
69 6
70 84
71 25
72 31
73 50
74 59
75 42
76 91
77 32
78 70
79 60
80 30
81 53
82 16
83 31
84 32
85 12
86 61
87 35
88 54
89 56
90 89
91 34
92 51
93 51
94 86
95 74
96 76
97 71
98 97
99 18
100 35
101 82
102 40
103 79
104 3
105 78
106 13
107 87
108 11
109 56
110 13
111 70
112 52
113 68
114 79
115 41
116 37
117 75
118 53
119 62
120 94
121 53
122 14
123 92
124 81
125 70
126 51
127 44
128 86
129 41
130 17
131 93
132 84
133 31
134 3
135 18
136 81
137 51
138 14
139 56
140 0
141 42
142 61
143 18
144 98
145 30
146 50
147 40
148 76
149 64
150 66
151 86
152 79
153 67
154 20
155 46
156 14
157 73
158 16
159 38
160 73
161 48
162 7
163 57
164 34
165 25
166 76
167 97
168 90
169 69
170 97
171 66
172 42
173 6
174 47
175 98
176 20
177 3
178 64
179 20
180 57
181 48
182 10
183 1
184 65
185 15
186 35
187 57
188 86
189 67
190 96
191 27
192 78
193 15
194 11
195 0
196 76
197 45
198 97
199 65
200 38
201 41
202 76
203 25
204 97
205 80
206 6
207 85
208 34
209 46
210 91
211 55
212 25
213 32
214 93
215 78
216 68
217 48
218 63
219 80
220 97
221 74
222 75
223 71
224 5
225 63
226 89
227 91
228 30
229 85
230 30
231 73
232 0
233 35
234 70
235 12
236 41
237 45
238 90
239 80
240 75
241 4
242 25
243 87
244 11
245 50
246 74
247 25
248 31
249 20
250 27
251 94
252 91
253 97
254 33
255 95
256 61
257 20
258 77
259 22
260 37
261 91
262 15
263 73
264 9
265 6
266 66
267 65
268 22
269 7
270 92
271 81
272 15
273 48
274 64
275 78
276 23
277 68
278 45
279 79
280 3
281 83
282 69
283 10
284 81
285 68
286 75
287 54
288 39
289 12
290 31
291 40
292 47
293 21
294 57
295 65
296 41
297 35
298 70
299 34
300 73
301 63
302 63
303 27
304 88
305 34
306 42
307 2
308 81
309 8
310 3
311 11
312 83
313 70
314 47
315 73
316 70
317 79
318 53
319 96
320 51
321 54
322 11
323 30
324 82
325 9
326 56
327 70
328 43
329 73
330 32
331 60
332 1
333 10
334 0
335 98
336 12
337 4
338 84
339 83
340 9
341 52
342 95
343 77
344 4
345 16
346 79
347 91
348 93
349 34
350 66
351 45
352 37
353 44
354 76
355 5
356 76
357 37
358 51
359 62
360 84
361 49
362 45
363 22
364 78
365 26
366 26
367 7
368 64
369 11
370 90
371 51
372 59
373 50
374 13
375 38
376 18
377 46
378 43
379 79
380 48
381 73
382 70
383 26
384 92
385 46
386 36
387 26
388 71
389 19
390 10
391 76
392 20
393 90
394 85
395 46
396 64
397 77
398 29
399 52
400 39
401 53
402 28
403 76
404 44
405 16
406 14
407 1
408 0
409 48
410 76
411 63
412 27
413 32
414 70
415 18
416 8
417 25
418 9
419 72
420 26
421 37
422 93
423 9
424 94
425 53
426 80
427 98
428 75
429 9
430 2
431 4
432 22
433 50
434 98
435 71
436 54
437 80
438 82
439 10
440 3
441 57
442 82
443 45
444 12
445 31
446 1
447 53
448 43
449 21
450 49
