21
450
1 88
2 23
3 72
4 55
5 54
6 0
7 69
8 38
9 95
10 15
11 99
12 2
13 92
14 63
15 0
16 1
17 88
18 80
19 0
20 15
21 50
22 62
23 76
24 76
25 72
26 75
27 7
28 65
29 14
30 42
31 74
32 43
33 57
34 64
35 6
36 81
37 71
38 76
39 82
40 0
41 4
42 50
43 24
44 82
45 81
46 7
47 82
48 85
49 29
50 77
51 25
52 54
53 13
54 95
55 8
56 67
57 54
58 17
59 59
60 68
61 42
62 54
63 68
64 90
65 52
66 97
67 63
68 94
69 17
70 46
71 26
72 33
73 87
74 10
75 72
76 43
77 37
78 63
79 28
80 84
81 58
82 76
83 43
84 91
85 47
86 16
87 41
88 54
89 16
90 41
91 13
92 19
93 7
94 47
95 23
96 50
97 96
98 2
99 75
100 28
101 88
102 74
103 90
104 16
105 93
106 31
107 92
108 9
109 48
110 86
111 9
112 79
113 62
114 16
115 1
116 78
117 93
118 61
119 76
120 30
121 31
122 75
123 24
124 37
125 49
126 5
127 96
128 40
129 37
130 95
131 45
132 86
133 90
134 97
135 88
136 42
137 9
138 80
139 59
140 67
141 62
142 9
143 19
144 57
145 69
146 34
147 88
148 12
149 51
150 42
151 51
152 30
153 37
154 73
155 40
156 34
157 7
158 12
159 27
160 40
161 27
162 15
163 30
164 31
165 57
166 6
167 69
168 73
169 36
170 83
171 38
172 11
173 30
174 18
175 57
176 87
177 8
178 57
179 63
180 98
181 65
182 43
183 44
184 74
185 60
186 81
187 66
188 9
189 63
190 57
191 49
192 89
193 51
194 7
195 69
196 8
197 15
198 37
199 50
200 8
201 36
202 81
203 29
204 71
205 45
206 75
207 99
208 96
209 86
210 74
211 79
212 43
213 11
214 93
215 17
216 43
217 72
218 87
219 50
220 56
221 79
222 86
223 12
224 27
225 88
226 14
227 14
228 66
229 37
230 6
231 45
232 48
233 83
234 81
235 75
236 65
237 51
238 26
239 93
240 24
241 63
242 69
243 19
244 58
245 52
246 26
247 32
248 25
249 87
250 29
251 63
252 85
253 88
254 93
255 61
256 2
257 87
258 13
259 30
260 55
261 66
262 33
263 48
264 43
265 56
266 29
267 52
268 31
269 36
270 49
271 83
272 88
273 19
274 17
275 32
276 75
277 5
278 72
279 3
280 27
281 71
282 40
283 14
284 93
285 57
286 1
287 53
288 60
289 82
290 32
291 5
292 64
293 73
294 66
295 2
296 25
297 92
298 34
299 77
300 74
301 20
302 7
303 1
304 63
305 35
306 3
307 74
308 77
309 22
310 86
311 96
312 21
313 99
314 67
315 50
316 28
317 72
318 22
319 50
320 58
321 95
322 90
323 98
324 45
325 17
326 6
327 14
328 21
329 94
330 23
331 49
332 62
333 46
334 96
335 47
336 34
337 22
338 23
339 4
340 10
341 23
342 96
343 25
344 7
345 48
346 56
347 44
348 26
349 39
350 32
351 66
352 22
353 9
354 28
355 82
356 30
357 15
358 23
359 90
360 63
361 86
362 37
363 94
364 63
365 87
366 21
367 37
368 60
369 32
370 72
371 90
372 84
373 7
374 70
375 80
376 42
377 44
378 68
379 63
380 7
381 99
382 8
383 99
384 15
385 8
386 2
387 25
388 15
389 3
390 19
391 12
392 16
393 88
394 56
395 61
396 41
397 3
398 32
399 35
400 1
401 54
402 79
403 13
404 8
405 71
406 64
407 44
408 14
409 85
410 15
411 84
412 43
413 36
414 20
415 95
416 98
417 49
418 35
419 9
420 99
421 53
422 85
423 78
424 63
425 61
426 63
427 64
428 64
429 50
430 15
431 5
432 78
433 95
434 52
435 33
436 43
437 35
438 11
439 76
440 2
441 75
442 84
443 34
444 70
445 58
446 66
447 65
448 70
449 43
450 28
