24
600
1 3
2 86
3 43
4 83
5 46
6 35
7 57
8 76
9 65
10 92
11 37
12 3
13 18
14 27
15 81
16 29
17 79
18 52
19 26
20 24
21 30
22 35
23 50
24 99
25 95
26 35
27 55
28 93
29 49
30 47
31 88
32 51
33 65
34 48
35 78
36 11
37 23
38 12
39 95
40 23
41 6
42 6
43 51
44 19
45 70
46 70
47 91
48 99
49 94
50 68
51 67
52 9
53 16
54 81
55 69
56 55
57 34
58 63
59 68
60 40
61 39
62 31
63 4
64 9
65 50
66 76
67 75
68 48
69 19
70 17
71 8
72 65
73 19
74 83
75 80
76 26
77 43
78 39
79 98
80 25
81 14
82 1
83 21
84 95
85 4
86 27
87 61
88 20
89 94
90 23
91 2
92 35
93 39
94 62
95 25
96 13
97 30
98 58
99 86
100 22
101 83
102 84
103 40
104 47
105 44
106 4
107 68
108 49
109 56
110 90
111 48
112 31
113 67
114 33
115 86
116 9
117 29
118 87
119 61
120 75
121 37
122 97
123 86
124 5
125 30
126 1
127 37
128 67
129 73
130 86
131 19
132 24
133 26
134 75
135 70
136 35
137 93
138 21
139 4
140 79
141 2
142 50
143 21
144 86
145 61
146 31
147 44
148 9
149 87
150 86
151 43
152 30
153 10
154 29
155 90
156 91
157 8
158 40
159 58
160 91
161 67
162 97
163 26
164 35
165 65
166 35
167 15
168 51
169 11
170 24
171 10
172 34
173 56
174 89
175 15
176 32
177 8
178 96
179 2
180 28
181 3
182 84
183 37
184 51
185 29
186 46
187 56
188 44
189 64
190 63
191 21
192 17
193 76
194 87
195 32
196 15
197 39
198 92
199 83
200 86
201 8
202 59
203 65
204 43
205 59
206 41
207 40
208 27
209 19
210 54
211 81
212 61
213 69
214 89
215 44
216 37
217 89
218 80
219 24
220 18
221 6
222 58
223 5
224 37
225 56
226 38
227 81
228 15
229 89
230 98
231 94
232 0
233 33
234 26
235 66
236 38
237 74
238 44
239 89
240 82
241 96
242 1
243 4
244 49
245 56
246 21
247 3
248 60
249 84
250 0
251 72
252 6
253 91
254 69
255 84
256 96
257 47
258 49
259 23
260 40
261 75
262 33
263 4
264 29
265 15
266 36
267 23
268 82
269 78
270 24
271 14
272 25
273 46
274 52
275 19
276 84
277 17
278 32
279 44
280 40
281 33
282 89
283 74
284 67
285 15
286 43
287 40
288 72
289 89
290 29
291 16
292 81
293 52
294 9
295 80
296 93
297 68
298 33
299 34
300 0
301 91
302 6
303 6
304 64
305 77
306 63
307 54
308 22
309 67
310 6
311 29
312 10
313 32
314 39
315 17
316 19
317 29
318 22
319 70
320 71
321 54
322 56
323 67
324 0
325 88
326 14
327 95
328 13
329 54
330 90
331 10
332 31
333 72
334 6
335 3
336 4
337 46
338 95
339 30
340 46
341 15
342 11
343 51
344 8
345 65
346 87
347 97
348 11
349 30
350 33
351 2
352 0
353 94
354 82
355 96
356 91
357 32
358 19
359 57
360 19
361 91
362 18
363 4
364 53
365 97
366 56
367 99
368 83
369 3
370 71
371 2
372 80
373 56
374 66
375 74
376 40
377 28
378 57
379 51
380 99
381 97
382 71
383 99
384 47
385 77
386 65
387 32
388 38
389 84
390 86
391 17
392 77
393 61
394 34
395 10
396 24
397 83
398 60
399 23
400 67
401 17
402 27
403 42
404 54
405 43
406 81
407 49
408 1
409 25
410 11
411 74
412 14
413 71
414 21
415 79
416 49
417 15
418 60
419 73
420 94
421 55
422 61
423 29
424 98
425 26
426 8
427 79
428 36
429 14
430 38
431 27
432 87
433 84
434 40
435 74
436 54
437 35
438 38
439 9
440 3
441 60
442 7
443 50
444 57
445 80
446 87
447 8
448 24
449 44
450 92
451 14
452 71
453 37
454 90
455 43
456 62
457 88
458 27
459 55
460 98
461 73
462 97
463 90
464 59
465 64
466 54
467 83
468 89
469 89
470 70
471 62
472 38
473 21
474 1
475 83
476 27
477 94
478 54
479 39
480 14
481 48
482 91
483 36
484 37
485 71
486 23
487 96
488 53
489 65
490 5
491 87
492 30
493 41
494 35
495 74
496 95
497 65
498 51
499 76
500 98
501 52
502 61
503 28
504 35
505 0
506 8
507 2
508 21
509 48
510 44
511 91
512 26
513 72
514 37
515 1
516 35
517 37
518 17
519 72
520 28
521 95
522 38
523 70
524 68
525 17
526 78
527 65
528 31
529 80
530 46
531 34
532 18
533 5
534 56
535 75
536 0
537 94
538 68
539 34
540 39
541 72
542 86
543 90
544 59
545 94
546 45
547 56
548 98
549 46
550 52
551 82
552 89
553 69
554 6
555 80
556 3
557 53
558 96
559 48
560 60
561 51
562 28
563 99
564 77
565 28
566 89
567 30
568 55
569 21
570 70
571 20
572 77
573 94
574 99
575 58
576 92
577 75
578 99
579 25
580 93
581 71
582 84
583 16
584 86
585 42
586 50
587 89
588 27
589 67
590 7
591 18
592 73
593 71
594 63
595 5
596 62
597 28
598 60
599 19
600 7
