12
150
1 93
2 30
3 9
4 12
5 27
6 26
7 27
8 68
9 50
10 98
11 40
12 19
13 60
14 34
15 85
16 35
17 30
18 59
19 39
20 49
21 93
22 53
23 82
24 94
25 81
26 40
27 3
28 87
29 39
30 61
31 23
32 23
33 68
34 49
35 67
36 67
37 53
38 22
39 80
40 81
41 82
42 45
43 24
44 18
45 91
46 67
47 79
48 43
49 73
50 19
51 95
52 63
53 84
54 34
55 35
56 24
57 53
58 43
59 88
60 3
61 44
62 82
63 98
64 17
65 8
66 72
67 62
68 92
69 14
70 24
71 34
72 68
73 96
74 66
75 36
76 28
77 94
78 21
79 60
80 9
81 56
82 22
83 2
84 81
85 35
86 31
87 75
88 56
89 86
90 18
91 61
92 85
93 17
94 85
95 65
96 24
97 89
98 52
99 14
100 1
101 31
102 74
103 24
104 52
105 92
106 39
107 98
108 18
109 6
110 62
111 58
112 33
113 37
114 19
115 83
116 85
117 61
118 90
119 85
120 12
121 19
122 40
123 49
124 12
125 91
126 66
127 16
128 27
129 47
130 12
131 81
132 4
133 63
134 6
135 91
136 65
137 90
138 70
139 33
140 20
141 34
142 95
143 83
144 36
145 81
146 55
147 74
148 5
149 70
150 37
