24
600
1 78
2 3
3 71
4 74
5 40
6 35
7 87
8 76
9 76
10 7
11 52
12 8
13 83
14 40
15 41
16 22
17 78
18 59
19 26
20 68
21 59
22 76
23 64
24 59
25 0
26 31
27 54
28 48
29 45
30 89
31 76
32 58
33 36
34 37
35 65
36 2
37 93
38 77
39 9
40 13
41 97
42 51
43 4
44 78
45 66
46 30
47 87
48 12
49 28
50 86
51 85
52 55
53 12
54 71
55 71
56 13
57 50
58 27
59 20
60 51
61 30
62 34
63 59
64 58
65 79
66 44
67 54
68 72
69 40
70 74
71 33
72 24
73 40
74 5
75 89
76 39
77 97
78 72
79 0
80 60
81 97
82 69
83 42
84 79
85 29
86 15
87 48
88 77
89 68
90 79
91 73
92 76
93 3
94 5
95 42
96 19
97 28
98 59
99 28
100 46
101 16
102 38
103 85
104 36
105 53
106 60
107 92
108 80
109 22
110 14
111 14
112 22
113 78
114 17
115 89
116 55
117 81
118 88
119 68
120 29
121 73
122 75
123 70
124 14
125 29
126 3
127 56
128 68
129 77
130 30
131 22
132 62
133 69
134 49
135 78
136 89
137 60
138 1
139 56
140 45
141 85
142 91
143 29
144 42
145 37
146 36
147 15
148 40
149 53
150 10
151 63
152 44
153 75
154 49
155 14
156 87
157 95
158 14
159 18
160 44
161 95
162 50
163 49
164 16
165 20
166 34
167 24
168 43
169 90
170 11
171 53
172 2
173 19
174 49
175 71
176 53
177 52
178 62
179 19
180 29
181 40
182 1
183 93
184 62
185 33
186 24
187 29
188 64
189 74
190 91
191 44
192 58
193 83
194 2
195 83
196 58
197 5
198 35
199 30
200 66
201 21
202 34
203 68
204 78
205 36
206 30
207 50
208 1
209 5
210 66
211 70
212 67
213 59
214 96
215 45
216 96
217 63
218 85
219 64
220 20
221 6
222 2
223 30
224 79
225 39
226 95
227 27
228 41
229 7
230 63
231 94
232 30
233 82
234 43
235 11
236 33
237 95
238 88
239 24
240 4
241 74
242 28
243 78
244 66
245 41
246 9
247 72
248 56
249 36
250 10
251 30
252 97
253 17
254 27
255 84
256 12
257 89
258 92
259 66
260 36
261 70
262 33
263 94
264 24
265 38
266 9
267 0
268 13
269 85
270 21
271 15
272 61
273 9
274 97
275 65
276 38
277 95
278 94
279 95
280 80
281 46
282 67
283 19
284 40
285 10
286 17
287 41
288 6
289 15
290 53
291 81
292 85
293 12
294 14
295 19
296 75
297 59
298 13
299 71
300 80
301 29
302 66
303 67
304 49
305 64
306 36
307 91
308 86
309 45
310 72
311 7
312 43
313 56
314 26
315 67
316 44
317 43
318 50
319 18
320 44
321 47
322 3
323 77
324 45
325 50
326 27
327 96
328 47
329 90
330 90
331 50
332 31
333 44
334 35
335 18
336 30
337 69
338 5
339 22
340 74
341 30
342 36
343 3
344 1
345 62
346 6
347 95
348 26
349 76
350 65
351 55
352 74
353 67
354 73
355 25
356 56
357 91
358 70
359 63
360 96
361 44
362 48
363 7
364 81
365 37
366 84
367 50
368 41
369 46
370 85
371 24
372 28
373 10
374 76
375 77
376 58
377 16
378 52
379 30
380 62
381 70
382 81
383 96
384 60
385 61
386 12
387 30
388 77
389 28
390 8
391 34
392 42
393 47
394 12
395 21
396 59
397 45
398 97
399 68
400 95
401 85
402 71
403 36
404 30
405 6
406 97
407 14
408 62
409 74
410 74
411 68
412 43
413 41
414 91
415 0
416 38
417 88
418 27
419 43
420 9
421 52
422 5
423 46
424 5
425 77
426 1
427 81
428 89
429 19
430 94
431 0
432 7
433 84
434 64
435 14
436 53
437 86
438 39
439 70
440 78
441 24
442 64
443 22
444 58
445 52
446 92
447 56
448 80
449 47
450 34
451 24
452 68
453 24
454 57
455 79
456 62
457 16
458 92
459 49
460 46
461 0
462 95
463 70
464 41
465 74
466 51
467 75
468 16
469 21
470 97
471 17
472 32
473 46
474 45
475 99
476 15
477 0
478 54
479 60
480 19
481 68
482 50
483 77
484 17
485 59
486 43
487 37
488 56
489 30
490 44
491 95
492 7
493 31
494 35
495 5
496 85
497 58
498 1
499 26
500 0
501 63
502 53
503 74
504 2
505 92
506 45
507 67
508 77
509 4
510 6
511 12
512 29
513 98
514 90
515 50
516 41
517 63
518 41
519 95
520 82
521 50
522 17
523 10
524 68
525 25
526 60
527 14
528 79
529 18
530 73
531 79
532 33
533 54
534 74
535 31
536 7
537 91
538 25
539 50
540 17
541 4
542 24
543 68
544 68
545 36
546 99
547 96
548 11
549 96
550 98
551 86
552 42
553 19
554 76
555 91
556 0
557 10
558 68
559 29
560 40
561 89
562 83
563 90
564 18
565 87
566 71
567 86
568 7
569 37
570 72
571 69
572 39
573 66
574 80
575 59
576 31
577 64
578 52
579 54
580 76
581 31
582 77
583 70
584 96
585 15
586 93
587 37
588 28
589 25
590 61
591 42
592 82
593 19
594 84
595 24
596 44
597 20
598 90
599 80
600 50
