24
600
1 73
2 47
3 76
4 22
5 31
6 65
7 42
8 13
9 74
10 69
11 10
12 98
13 94
14 34
15 37
16 33
17 9
18 52
19 59
20 15
21 63
22 8
23 37
24 88
25 44
26 82
27 94
28 59
29 36
30 16
31 96
32 49
33 97
34 88
35 2
36 37
37 43
38 1
39 35
40 17
41 80
42 31
43 30
44 82
45 79
46 97
47 1
48 29
49 78
50 85
51 5
52 43
53 5
54 95
55 36
56 75
57 60
58 58
59 78
60 11
61 80
62 52
63 66
64 53
65 13
66 57
67 41
68 99
69 52
70 4
71 45
72 51
73 27
74 54
75 88
76 69
77 76
78 28
79 95
80 19
81 79
82 71
83 30
84 48
85 71
86 83
87 70
88 28
89 0
90 73
91 14
92 36
93 82
94 59
95 85
96 13
97 71
98 46
99 72
100 8
101 75
102 78
103 52
104 29
105 53
106 31
107 62
108 65
109 19
110 71
111 59
112 55
113 59
114 28
115 52
116 53
117 24
118 72
119 95
120 93
121 0
122 84
123 9
124 66
125 71
126 3
127 23
128 66
129 58
130 68
131 43
132 83
133 79
134 79
135 71
136 73
137 60
138 29
139 14
140 44
141 60
142 61
143 4
144 81
145 97
146 8
147 65
148 99
149 52
150 1
151 78
152 73
153 16
154 70
155 71
156 31
157 33
158 89
159 20
160 98
161 98
162 74
163 27
164 13
165 21
166 42
167 72
168 62
169 78
170 20
171 19
172 34
173 0
174 44
175 91
176 1
177 87
178 66
179 5
180 98
181 41
182 16
183 40
184 8
185 40
186 20
187 0
188 93
189 96
190 37
191 14
192 55
193 70
194 41
195 51
196 29
197 80
198 69
199 57
200 32
201 58
202 33
203 6
204 37
205 46
206 82
207 56
208 31
209 76
210 54
211 54
212 25
213 0
214 20
215 54
216 66
217 0
218 5
219 57
220 60
221 23
222 7
223 55
224 52
225 20
226 32
227 39
228 1
229 69
230 75
231 67
232 15
233 15
234 95
235 14
236 63
237 27
238 5
239 43
240 16
241 72
242 89
243 22
244 89
245 40
246 44
247 89
248 7
249 92
250 46
251 73
252 18
253 7
254 59
255 16
256 37
257 87
258 39
259 23
260 70
261 92
262 19
263 50
264 63
265 15
266 39
267 3
268 20
269 83
270 63
271 20
272 79
273 30
274 22
275 0
276 6
277 90
278 58
279 32
280 3
281 16
282 62
283 28
284 65
285 11
286 80
287 85
288 87
289 87
290 39
291 68
292 35
293 32
294 18
295 57
296 21
297 77
298 48
299 93
300 65
301 65
302 69
303 18
304 68
305 12
306 42
307 44
308 39
309 73
310 88
311 45
312 99
313 21
314 33
315 99
316 29
317 80
318 60
319 86
320 80
321 8
322 20
323 9
324 34
325 65
326 5
327 53
328 28
329 93
330 82
331 9
332 50
333 65
334 39
335 54
336 15
337 49
338 40
339 51
340 49
341 82
342 71
343 98
344 22
345 49
346 28
347 40
348 11
349 93
350 41
351 67
352 10
353 6
354 44
355 6
356 84
357 88
358 14
359 82
360 63
361 66
362 74
363 34
364 27
365 44
366 17
367 8
368 12
369 45
370 4
371 32
372 0
373 36
374 43
375 76
376 67
377 69
378 90
379 6
380 71
381 39
382 49
383 87
384 76
385 69
386 17
387 72
388 60
389 53
390 30
391 88
392 0
393 58
394 68
395 80
396 67
397 50
398 59
399 56
400 15
401 36
402 51
403 99
404 95
405 13
406 80
407 46
408 68
409 38
410 11
411 98
412 1
413 18
414 6
415 71
416 62
417 20
418 47
419 9
420 31
421 3
422 97
423 7
424 10
425 96
426 18
427 96
428 67
429 82
430 1
431 89
432 69
433 30
434 80
435 56
436 51
437 53
438 38
439 15
440 61
441 82
442 48
443 62
444 12
445 24
446 41
447 39
448 48
449 10
450 5
451 12
452 85
453 39
454 74
455 74
456 50
457 56
458 35
459 28
460 87
461 37
462 86
463 4
464 92
465 11
466 92
467 32
468 52
469 33
470 9
471 10
472 24
473 66
474 72
475 56
476 89
477 72
478 3
479 78
480 6
481 32
482 83
483 78
484 78
485 32
486 3
487 10
488 2
489 98
490 52
491 74
492 70
493 18
494 8
495 77
496 58
497 15
498 98
499 30
500 57
501 72
502 0
503 8
504 6
505 71
506 28
507 7
508 16
509 32
510 30
511 90
512 80
513 19
514 58
515 65
516 89
517 3
518 19
519 11
520 48
521 78
522 23
523 46
524 29
525 58
526 34
527 36
528 66
529 78
530 22
531 14
532 23
533 7
534 1
535 61
536 8
537 19
538 63
539 56
540 60
541 60
542 51
543 49
544 47
545 95
546 29
547 67
548 30
549 11
550 49
551 25
552 18
553 60
554 95
555 42
556 91
557 12
558 47
559 1
560 60
561 4
562 77
563 73
564 85
565 82
566 55
567 5
568 21
569 12
570 14
571 77
572 38
573 53
574 45
575 24
576 14
577 76
578 88
579 51
580 51
581 61
582 7
583 28
584 14
585 56
586 21
587 84
588 41
589 25
590 44
591 3
592 1
593 6
594 78
595 10
596 57
597 84
598 81
599 43
600 61
