15
250
1 61
2 23
3 58
4 79
5 3
6 45
7 4
8 99
9 98
10 76
11 75
12 97
13 58
14 91
15 68
16 79
17 15
18 75
19 81
20 49
21 50
22 31
23 0
24 29
25 91
26 0
27 42
28 89
29 27
30 13
31 62
32 89
33 32
34 37
35 28
36 90
37 20
38 98
39 86
40 99
41 15
42 8
43 42
44 90
45 97
46 40
47 91
48 27
49 11
50 66
51 14
52 22
53 39
54 52
55 22
56 42
57 59
58 65
59 79
60 47
61 27
62 0
63 92
64 44
65 67
66 47
67 45
68 2
69 79
70 91
71 20
72 71
73 34
74 23
75 83
76 70
77 86
78 93
79 26
80 84
81 2
82 89
83 11
84 50
85 92
86 34
87 0
88 58
89 6
90 30
91 26
92 38
93 91
94 54
95 88
96 3
97 83
98 23
99 59
100 36
101 11
102 79
103 3
104 82
105 95
106 80
107 32
108 84
109 78
110 4
111 24
112 70
113 96
114 39
115 68
116 34
117 4
118 57
119 83
120 27
121 25
122 88
123 46
124 96
125 39
126 26
127 74
128 85
129 99
130 55
131 16
132 43
133 96
134 75
135 22
136 54
137 17
138 87
139 20
140 29
141 76
142 31
143 66
144 24
145 28
146 75
147 30
148 57
149 59
150 55
151 2
152 82
153 24
154 9
155 27
156 60
157 88
158 1
159 77
160 62
161 72
162 61
163 18
164 48
165 54
166 19
167 47
168 13
169 13
170 17
171 99
172 68
173 80
174 55
175 47
176 28
177 12
178 27
179 43
180 80
181 73
182 10
183 41
184 91
185 38
186 59
187 24
188 59
189 49
190 38
191 89
192 65
193 79
194 48
195 79
196 97
197 25
198 22
199 82
200 25
201 35
202 24
203 48
204 25
205 83
206 23
207 48
208 5
209 30
210 62
211 76
212 14
213 19
214 14
215 10
216 70
217 81
218 21
219 67
220 35
221 14
222 67
223 7
224 84
225 30
226 36
227 22
228 61
229 66
230 93
231 4
232 92
233 47
234 61
235 33
236 29
237 7
238 28
239 80
240 62
241 63
242 57
243 89
244 4
245 80
246 60
247 58
248 63
249 23
250 59
