21
450
1 40
2 56
3 16
4 46
5 62
6 95
7 83
8 98
9 24
10 51
11 88
12 58
13 26
14 68
15 35
16 61
17 18
18 52
19 99
20 44
21 64
22 49
23 90
24 46
25 39
26 75
27 44
28 29
29 6
30 68
31 57
32 69
33 75
34 18
35 14
36 95
37 53
38 13
39 80
40 48
41 9
42 55
43 32
44 20
45 59
46 52
47 38
48 18
49 71
50 26
51 29
52 66
53 26
54 93
55 97
56 70
57 91
58 24
59 12
60 30
61 14
62 50
63 55
64 42
65 36
66 73
67 32
68 78
69 70
70 53
71 50
72 15
73 84
74 31
75 25
76 29
77 59
78 88
79 24
80 81
81 59
82 98
83 61
84 80
85 75
86 7
87 43
88 5
89 90
90 13
91 87
92 20
93 30
94 10
95 13
96 68
97 1
98 0
99 3
100 44
101 68
102 93
103 16
104 71
105 49
106 41
107 27
108 58
109 37
110 41
111 55
112 18
113 26
114 29
115 95
116 67
117 31
118 21
119 23
120 79
121 42
122 94
123 29
124 96
125 3
126 80
127 10
128 74
129 23
130 39
131 50
132 1
133 80
134 27
135 3
136 52
137 1
138 69
139 66
140 26
141 26
142 21
143 72
144 26
145 32
146 90
147 23
148 38
149 95
150 20
151 34
152 84
153 82
154 10
155 19
156 50
157 73
158 75
159 68
160 24
161 22
162 19
163 81
164 89
165 6
166 44
167 71
168 82
169 66
170 98
171 43
172 26
173 57
174 53
175 43
176 68
177 85
178 97
179 22
180 10
181 63
182 65
183 55
184 65
185 5
186 61
187 80
188 42
189 91
190 93
191 89
192 43
193 50
194 7
195 40
196 3
197 40
198 24
199 20
200 14
201 73
202 92
203 45
204 22
205 23
206 1
207 11
208 88
209 62
210 87
211 79
212 31
213 58
214 58
215 4
216 52
217 57
218 59
219 8
220 47
221 70
222 96
223 6
224 25
225 52
226 80
227 12
228 11
229 89
230 11
231 17
232 43
233 18
234 32
235 76
236 74
237 72
238 25
239 49
240 82
241 81
242 27
243 86
244 97
245 37
246 76
247 71
248 79
249 49
250 81
251 67
252 66
253 17
254 77
255 50
256 76
257 82
258 69
259 8
260 83
261 7
262 25
263 47
264 32
265 53
266 37
267 81
268 65
269 67
270 40
271 53
272 2
273 27
274 22
275 32
276 95
277 79
278 30
279 37
280 53
281 68
282 59
283 78
284 2
285 25
286 97
287 75
288 43
289 45
290 34
291 16
292 97
293 46
294 58
295 58
296 99
297 42
298 68
299 67
300 24
301 12
302 72
303 91
304 32
305 57
306 79
307 96
308 42
309 89
310 6
311 82
312 78
313 40
314 55
315 88
316 64
317 33
318 22
319 51
320 22
321 82
322 44
323 8
324 17
325 71
326 82
327 66
328 67
329 74
330 68
331 14
332 14
333 40
334 0
335 59
336 77
337 57
338 50
339 38
340 53
341 78
342 67
343 2
344 38
345 44
346 4
347 33
348 36
349 78
350 81
351 67
352 57
353 11
354 50
355 21
356 65
357 18
358 0
359 79
360 93
361 95
362 61
363 50
364 76
365 43
366 51
367 24
368 76
369 1
370 8
371 18
372 53
373 63
374 0
375 96
376 22
377 76
378 59
379 22
380 49
381 99
382 2
383 47
384 12
385 42
386 16
387 46
388 26
389 78
390 46
391 40
392 47
393 6
394 52
395 52
396 74
397 68
398 91
399 79
400 41
401 99
402 61
403 85
404 22
405 4
406 83
407 30
408 8
409 67
410 66
411 18
412 44
413 13
414 0
415 22
416 88
417 29
418 35
419 95
420 31
421 48
422 54
423 54
424 59
425 68
426 84
427 7
428 43
429 96
430 46
431 96
432 64
433 93
434 3
435 94
436 24
437 39
438 14
439 42
440 50
441 63
442 49
443 37
444 89
445 24
446 21
447 82
448 71
449 50
450 47
