10
100
1 95
2 39
3 45
4 47
5 42
6 58
7 42
8 74
9 21
10 48
11 80
12 47
13 80
14 22
15 70
16 79
17 91
18 6
19 45
20 65
21 8
22 90
23 3
24 85
25 59
26 15
27 61
28 88
29 89
30 30
31 12
32 58
33 22
34 69
35 19
36 19
37 40
38 16
39 99
40 66
41 18
42 2
43 13
44 20
45 39
46 45
47 60
48 30
49 12
50 62
51 80
52 79
53 60
54 62
55 99
56 24
57 13
58 22
59 31
60 1
61 65
62 56
63 41
64 57
65 97
66 52
67 72
68 35
69 55
70 23
71 11
72 89
73 11
74 91
75 53
76 93
77 50
78 0
79 55
80 59
81 18
82 73
83 91
84 29
85 62
86 32
87 16
88 31
89 94
90 41
91 70
92 24
93 57
94 69
95 13
96 25
97 71
98 84
99 87
100 41
