22
500
1 17
2 11
3 32
4 17
5 95
6 93
7 37
8 60
9 87
10 45
11 42
12 40
13 63
14 66
15 7
16 69
17 17
18 77
19 42
20 73
21 24
22 22
23 12
24 42
25 17
26 61
27 4
28 63
29 5
30 59
31 97
32 88
33 49
34 88
35 99
36 70
37 26
38 35
39 82
40 88
41 40
42 75
43 17
44 93
45 55
46 30
47 22
48 15
49 68
50 11
51 27
52 18
53 11
54 53
55 78
56 94
57 86
58 10
59 82
60 85
61 30
62 54
63 45
64 61
65 93
66 46
67 43
68 19
69 51
70 16
71 36
72 53
73 74
74 54
75 71
76 74
77 42
78 30
79 39
80 24
81 47
82 37
83 66
84 99
85 82
86 5
87 78
88 13
89 95
90 47
91 31
92 54
93 40
94 59
95 20
96 94
97 43
98 84
99 34
100 77
101 17
102 60
103 91
104 56
105 91
106 54
107 77
108 11
109 47
110 85
111 38
112 23
113 17
114 65
115 91
116 61
117 29
118 62
119 13
120 56
121 28
122 36
123 56
124 76
125 26
126 87
127 36
128 56
129 17
130 42
131 86
132 19
133 69
134 35
135 3
136 27
137 26
138 32
139 97
140 51
141 95
142 65
143 82
144 8
145 1
146 95
147 7
148 75
149 79
150 84
151 55
152 77
153 53
154 32
155 48
156 71
157 80
158 36
159 43
160 33
161 1
162 69
163 43
164 27
165 11
166 97
167 48
168 8
169 90
170 63
171 94
172 79
173 50
174 85
175 5
176 39
177 53
178 91
179 37
180 98
181 13
182 90
183 11
184 54
185 62
186 95
187 31
188 21
189 68
190 83
191 37
192 3
193 58
194 28
195 55
196 30
197 57
198 94
199 41
200 6
201 81
202 43
203 0
204 55
205 87
206 0
207 49
208 36
209 72
210 46
211 1
212 38
213 66
214 18
215 2
216 38
217 51
218 6
219 25
220 88
221 75
222 52
223 44
224 21
225 44
226 12
227 12
228 4
229 70
230 37
231 83
232 53
233 45
234 81
235 75
236 82
237 74
238 12
239 35
240 32
241 6
242 31
243 32
244 98
245 38
246 51
247 28
248 21
249 32
250 68
251 55
252 68
253 99
254 63
255 90
256 67
257 82
258 96
259 33
260 8
261 32
262 88
263 10
264 5
265 16
266 8
267 28
268 65
269 28
270 31
271 59
272 45
273 22
274 27
275 52
276 15
277 59
278 20
279 65
280 3
281 5
282 61
283 72
284 83
285 48
286 28
287 69
288 89
289 2
290 48
291 50
292 83
293 95
294 57
295 30
296 10
297 9
298 89
299 6
300 40
301 16
302 74
303 68
304 25
305 42
306 49
307 43
308 69
309 70
310 94
311 49
312 13
313 19
314 66
315 92
316 19
317 5
318 6
319 86
320 27
321 63
322 17
323 16
324 88
325 88
326 2
327 10
328 53
329 79
330 71
331 70
332 42
333 15
334 82
335 0
336 35
337 57
338 90
339 29
340 51
341 54
342 82
343 23
344 21
345 52
346 62
347 44
348 20
349 75
350 15
351 52
352 26
353 73
354 2
355 26
356 96
357 91
358 73
359 60
360 44
361 8
362 66
363 26
364 48
365 45
366 33
367 9
368 71
369 51
370 73
371 4
372 50
373 64
374 18
375 44
376 85
377 33
378 82
379 58
380 0
381 58
382 49
383 50
384 60
385 28
386 84
387 4
388 75
389 51
390 79
391 46
392 97
393 83
394 63
395 44
396 50
397 53
398 20
399 60
400 93
401 8
402 66
403 30
404 90
405 95
406 27
407 92
408 48
409 70
410 37
411 48
412 68
413 64
414 66
415 3
416 31
417 32
418 86
419 7
420 93
421 37
422 56
423 61
424 59
425 52
426 46
427 31
428 63
429 84
430 99
431 56
432 97
433 28
434 54
435 66
436 34
437 61
438 53
439 35
440 94
441 20
442 60
443 66
444 91
445 48
446 56
447 24
448 62
449 73
450 53
451 94
452 89
453 28
454 24
455 84
456 46
457 7
458 33
459 0
460 68
461 9
462 93
463 27
464 24
465 75
466 20
467 61
468 11
469 62
470 76
471 57
472 11
473 73
474 18
475 94
476 47
477 20
478 92
479 1
480 93
481 51
482 51
483 61
484 31
485 40
486 63
487 45
488 71
489 44
490 6
491 30
492 12
493 21
494 96
495 7
496 25
497 33
498 41
499 58
500 81
