18
350
1 63
2 8
3 39
4 69
5 75
6 23
7 62
8 85
9 66
10 87
11 39
12 93
13 3
14 77
15 5
16 20
17 18
18 21
19 34
20 15
21 73
22 76
23 60
24 20
25 51
26 71
27 81
28 80
29 92
30 53
31 14
32 39
33 76
34 28
35 39
36 67
37 94
38 37
39 62
40 19
41 61
42 86
43 23
44 63
45 74
46 54
47 43
48 14
49 73
50 0
51 36
52 27
53 94
54 12
55 32
56 33
57 73
58 72
59 79
60 54
61 45
62 50
63 88
64 87
65 54
66 0
67 9
68 63
69 91
70 72
71 50
72 1
73 38
74 45
75 92
76 95
77 68
78 65
79 38
80 17
81 16
82 53
83 29
84 67
85 40
86 64
87 86
88 89
89 67
90 18
91 61
92 33
93 56
94 60
95 2
96 46
97 26
98 34
99 3
100 63
101 77
102 77
103 72
104 19
105 99
106 4
107 91
108 69
109 44
110 94
111 88
112 65
113 98
114 90
115 69
116 82
117 9
118 59
119 68
120 78
121 74
122 79
123 6
124 11
125 72
126 90
127 93
128 4
129 28
130 95
131 53
132 61
133 10
134 91
135 15
136 52
137 25
138 91
139 95
140 86
141 96
142 82
143 64
144 37
145 56
146 8
147 68
148 36
149 66
150 61
151 34
152 48
153 73
154 1
155 3
156 66
157 17
158 88
159 12
160 96
161 55
162 51
163 85
164 72
165 69
166 35
167 8
168 9
169 54
170 10
171 94
172 28
173 59
174 96
175 67
176 34
177 33
178 78
179 85
180 13
181 24
182 91
183 94
184 48
185 69
186 9
187 76
188 9
189 31
190 83
191 47
192 23
193 28
194 14
195 70
196 97
197 34
198 84
199 50
200 89
201 30
202 1
203 26
204 29
205 13
206 29
207 72
208 40
209 6
210 6
211 46
212 82
213 9
214 41
215 94
216 74
217 74
218 87
219 20
220 1
221 46
222 14
223 46
224 56
225 62
226 23
227 67
228 46
229 93
230 11
231 13
232 86
233 12
234 75
235 68
236 72
237 67
238 8
239 75
240 26
241 51
242 79
243 29
244 53
245 22
246 21
247 78
248 22
249 91
250 99
251 61
252 20
253 94
254 30
255 62
256 4
257 54
258 60
259 73
260 45
261 86
262 67
263 13
264 10
265 13
266 6
267 68
268 61
269 15
270 49
271 44
272 1
273 59
274 69
275 67
276 96
277 40
278 65
279 32
280 59
281 16
282 49
283 57
284 4
285 8
286 66
287 98
288 75
289 75
290 7
291 7
292 16
293 97
294 40
295 99
296 9
297 96
298 8
299 25
300 4
301 58
302 93
303 35
304 24
305 58
306 35
307 83
308 57
309 25
310 65
311 22
312 66
313 34
314 41
315 85
316 31
317 22
318 35
319 46
320 84
321 86
322 90
323 91
324 25
325 34
326 43
327 74
328 48
329 94
330 23
331 85
332 81
333 48
334 31
335 89
336 81
337 34
338 31
339 7
340 30
341 55
342 44
343 15
344 46
345 69
346 71
347 25
348 27
349 65
350 0
