10
100
1 13
2 40
3 83
4 52
5 45
6 96
7 7
8 73
9 93
10 91
11 94
12 67
13 63
14 87
15 4
16 31
17 31
18 47
19 34
20 89
21 64
22 53
23 16
24 31
25 55
26 57
27 5
28 71
29 37
30 93
31 55
32 78
33 9
34 58
35 82
36 71
37 98
38 33
39 23
40 48
41 62
42 16
43 77
44 19
45 99
46 72
47 88
48 44
49 49
50 14
51 54
52 75
53 55
54 65
55 51
56 90
57 51
58 14
59 50
60 70
61 47
62 39
63 99
64 95
65 37
66 66
67 69
68 13
69 39
70 23
71 3
72 65
73 26
74 57
75 70
76 81
77 46
78 29
79 5
80 53
81 25
82 92
83 93
84 7
85 20
86 5
87 45
88 70
89 30
90 96
91 47
92 51
93 38
94 25
95 30
96 53
97 94
98 80
99 87
100 39
