22
500
1 19
2 0
3 25
4 43
5 79
6 75
7 34
8 73
9 96
10 35
11 77
12 61
13 62
14 63
15 44
16 37
17 35
18 61
19 50
20 52
21 79
22 49
23 29
24 32
25 55
26 59
27 37
28 23
29 42
30 44
31 81
32 91
33 71
34 68
35 92
36 55
37 44
38 52
39 10
40 61
41 85
42 19
43 62
44 4
45 46
46 10
47 80
48 77
49 66
50 69
51 48
52 23
53 52
54 25
55 1
56 56
57 12
58 85
59 77
60 72
61 2
62 13
63 2
64 10
65 71
66 46
67 78
68 97
69 38
70 68
71 16
72 86
73 23
74 37
75 78
76 15
77 47
78 51
79 0
80 40
81 20
82 61
83 54
84 74
85 3
86 94
87 91
88 36
89 15
90 52
91 10
92 0
93 45
94 25
95 38
96 65
97 79
98 48
99 22
100 27
101 11
102 79
103 10
104 89
105 81
106 45
107 6
108 63
109 17
110 59
111 8
112 97
113 74
114 79
115 30
116 35
117 60
118 45
119 46
120 67
121 77
122 98
123 66
124 57
125 79
126 71
127 55
128 49
129 94
130 76
131 38
132 68
133 57
134 58
135 71
136 93
137 19
138 2
139 62
140 3
141 44
142 4
143 24
144 65
145 15
146 17
147 62
148 1
149 99
150 1
151 54
152 30
153 73
154 36
155 15
156 68
157 9
158 68
159 51
160 70
161 57
162 24
163 72
164 44
165 66
166 13
167 3
168 79
169 38
170 42
171 49
172 27
173 73
174 81
175 33
176 4
177 17
178 37
179 75
180 44
181 8
182 35
183 63
184 24
185 12
186 34
187 2
188 70
189 61
190 51
191 98
192 48
193 27
194 49
195 29
196 96
197 12
198 50
199 27
200 23
201 2
202 28
203 29
204 91
205 94
206 35
207 54
208 41
209 88
210 92
211 1
212 73
213 23
214 70
215 94
216 59
217 89
218 4
219 78
220 46
221 44
222 44
223 75
224 26
225 28
226 16
227 89
228 14
229 97
230 35
231 42
232 21
233 46
234 87
235 92
236 28
237 88
238 41
239 40
240 69
241 61
242 10
243 28
244 18
245 68
246 2
247 14
248 64
249 77
250 78
251 93
252 56
253 82
254 40
255 42
256 97
257 26
258 59
259 43
260 12
261 39
262 76
263 84
264 56
265 11
266 37
267 98
268 44
269 87
270 20
271 9
272 12
273 15
274 39
275 51
276 81
277 75
278 16
279 51
280 86
281 88
282 48
283 29
284 28
285 4
286 82
287 55
288 92
289 18
290 91
291 81
292 16
293 37
294 16
295 73
296 13
297 64
298 28
299 37
300 53
301 64
302 63
303 83
304 77
305 51
306 71
307 24
308 89
309 4
310 15
311 46
312 3
313 29
314 18
315 39
316 18
317 56
318 67
319 54
320 73
321 11
322 19
323 77
324 96
325 90
326 67
327 82
328 83
329 82
330 77
331 28
332 86
333 21
334 46
335 9
336 21
337 65
338 10
339 85
340 78
341 40
342 36
343 66
344 44
345 4
346 32
347 35
348 46
349 7
350 94
351 0
352 93
353 6
354 49
355 56
356 3
357 80
358 74
359 90
360 7
361 44
362 92
363 14
364 91
365 55
366 2
367 64
368 92
369 60
370 12
371 46
372 80
373 81
374 94
375 11
376 60
377 66
378 25
379 65
380 57
381 34
382 92
383 96
384 79
385 82
386 0
387 33
388 62
389 94
390 28
391 41
392 77
393 71
394 13
395 88
396 16
397 47
398 26
399 18
400 1
401 88
402 44
403 69
404 35
405 28
406 61
407 62
408 48
409 91
410 43
411 16
412 34
413 23
414 92
415 39
416 49
417 61
418 19
419 90
420 11
421 52
422 70
423 56
424 8
425 74
426 88
427 9
428 29
429 99
430 95
431 21
432 13
433 83
434 48
435 28
436 12
437 49
438 10
439 25
440 48
441 62
442 68
443 41
444 64
445 4
446 18
447 3
448 16
449 99
450 96
451 37
452 95
453 42
454 39
455 10
456 77
457 54
458 97
459 55
460 54
461 41
462 68
463 45
464 20
465 26
466 18
467 36
468 37
469 37
470 56
471 42
472 15
473 40
474 37
475 56
476 45
477 23
478 35
479 50
480 3
481 9
482 25
483 95
484 23
485 96
486 51
487 15
488 84
489 19
490 84
491 16
492 28
493 83
494 57
495 44
496 73
497 99
498 4
499 37
500 64
