18
350
1 4
2 96
3 32
4 67
5 72
6 97
7 73
8 21
9 24
10 97
11 14
12 30
13 46
14 15
15 94
16 30
17 85
18 54
19 2
20 14
21 58
22 47
23 75
24 15
25 29
26 12
27 55
28 20
29 37
30 47
31 98
32 38
33 94
34 60
35 82
36 85
37 63
38 3
39 40
40 93
41 54
42 21
43 76
44 10
45 88
46 17
47 53
48 46
49 51
50 19
51 5
52 42
53 62
54 15
55 6
56 17
57 63
58 88
59 69
60 76
61 40
62 56
63 78
64 50
65 17
66 95
67 62
68 60
69 39
70 90
71 49
72 68
73 21
74 87
75 64
76 4
77 55
78 60
79 86
80 30
81 7
82 78
83 7
84 80
85 37
86 68
87 70
88 39
89 88
90 52
91 32
92 77
93 3
94 33
95 26
96 83
97 19
98 31
99 75
100 71
101 22
102 33
103 36
104 6
105 41
106 46
107 46
108 88
109 47
110 10
111 38
112 58
113 53
114 0
115 48
116 21
117 22
118 41
119 29
120 66
121 84
122 27
123 74
124 48
125 18
126 25
127 38
128 22
129 13
130 63
131 93
132 50
133 86
134 98
135 20
136 19
137 2
138 94
139 93
140 40
141 68
142 36
143 0
144 58
145 12
146 3
147 72
148 76
149 10
150 31
151 39
152 22
153 74
154 77
155 84
156 3
157 91
158 86
159 55
160 60
161 75
162 27
163 40
164 10
165 58
166 38
167 78
168 79
169 27
170 31
171 11
172 2
173 27
174 86
175 68
176 50
177 33
178 57
179 91
180 2
181 35
182 33
183 65
184 46
185 88
186 47
187 27
188 53
189 8
190 61
191 92
192 31
193 16
194 51
195 96
196 55
197 2
198 40
199 17
200 94
201 37
202 98
203 91
204 54
205 79
206 91
207 56
208 61
209 24
210 21
211 77
212 74
213 47
214 89
215 22
216 28
217 16
218 51
219 97
220 35
221 25
222 62
223 94
224 88
225 62
226 60
227 33
228 59
229 23
230 69
231 74
232 96
233 44
234 61
235 33
236 19
237 17
238 8
239 89
240 97
241 49
242 27
243 70
244 92
245 2
246 92
247 27
248 95
249 55
250 75
251 0
252 40
253 88
254 72
255 33
256 63
257 3
258 40
259 44
260 28
261 28
262 13
263 12
264 80
265 88
266 2
267 29
268 13
269 7
270 16
271 6
272 4
273 12
274 71
275 54
276 85
277 86
278 13
279 8
280 42
281 16
282 18
283 6
284 33
285 71
286 24
287 8
288 56
289 96
290 1
291 91
292 66
293 1
294 11
295 88
296 36
297 84
298 60
299 55
300 5
301 71
302 89
303 36
304 32
305 56
306 85
307 65
308 25
309 25
310 82
311 28
312 19
313 81
314 52
315 29
316 13
317 97
318 29
319 63
320 94
321 89
322 70
323 55
324 84
325 7
326 68
327 21
328 2
329 50
330 63
331 31
332 10
333 24
334 44
335 90
336 27
337 6
338 13
339 12
340 54
341 62
342 80
343 60
344 20
345 24
346 65
347 83
348 60
349 90
350 44
