10
100
1 85
2 11
3 23
4 75
5 84
6 52
7 16
8 2
9 19
10 76
11 27
12 20
13 63
14 5
15 7
16 3
17 32
18 84
19 42
20 51
21 77
22 14
23 24
24 61
25 17
26 66
27 4
28 58
29 94
30 80
31 83
32 51
33 10
34 90
35 96
36 73
37 31
38 30
39 77
40 81
41 20
42 21
43 17
44 97
45 29
46 67
47 56
48 74
49 62
50 15
51 83
52 75
53 29
54 46
55 96
56 11
57 36
58 29
59 70
60 76
61 38
62 28
63 31
64 64
65 57
66 42
67 11
68 49
69 85
70 6
71 65
72 72
73 66
74 99
75 53
76 17
77 60
78 93
79 68
80 59
81 24
82 76
83 69
84 32
85 58
86 95
87 25
88 56
89 81
90 82
91 49
92 56
93 0
94 29
95 37
96 9
97 3
98 37
99 48
100 79
