10
100
1 30
2 3
3 60
4 36
5 53
6 54
7 27
8 60
9 66
10 80
11 50
12 8
13 52
14 85
15 15
16 28
17 76
18 95
19 89
20 60
21 39
22 19
23 9
24 94
25 93
26 23
27 29
28 57
29 1
30 62
31 77
32 30
33 41
34 80
35 38
36 16
37 0
38 24
39 74
40 79
41 33
42 0
43 53
44 92
45 8
46 8
47 62
48 93
49 83
50 70
51 37
52 44
53 61
54 18
55 41
56 31
57 50
58 66
59 43
60 44
61 88
62 17
63 93
64 87
65 40
66 38
67 93
68 21
69 34
70 72
71 83
72 70
73 62
74 20
75 26
76 96
77 67
78 43
79 88
80 83
81 98
82 83
83 41
84 97
85 88
86 29
87 17
88 95
89 57
90 76
91 73
92 13
93 9
94 97
95 15
96 23
97 5
98 75
99 15
100 25
