18
350
1 53
2 54
3 55
4 72
5 34
6 61
7 60
8 30
9 4
10 51
11 75
12 58
13 89
14 34
15 71
16 37
17 11
18 77
19 89
20 9
21 18
22 96
23 86
24 34
25 76
26 43
27 43
28 34
29 63
30 1
31 73
32 5
33 49
34 55
35 83
36 63
37 75
38 71
39 11
40 18
41 84
42 53
43 65
44 56
45 38
46 73
47 79
48 34
49 19
50 67
51 10
52 20
53 33
54 31
55 70
56 86
57 28
58 23
59 17
60 10
61 86
62 84
63 46
64 32
65 26
66 90
67 26
68 59
69 46
70 21
71 61
72 34
73 18
74 37
75 65
76 64
77 92
78 53
79 83
80 24
81 57
82 60
83 47
84 6
85 80
86 16
87 51
88 59
89 48
90 80
91 81
92 88
93 41
94 26
95 2
96 6
97 31
98 18
99 34
100 96
101 93
102 70
103 33
104 34
105 45
106 44
107 97
108 27
109 37
110 17
111 31
112 88
113 11
114 72
115 36
116 12
117 74
118 63
119 92
120 71
121 96
122 21
123 2
124 93
125 32
126 66
127 62
128 79
129 29
130 56
131 41
132 71
133 2
134 27
135 44
136 6
137 70
138 52
139 68
140 48
141 0
142 54
143 6
144 0
145 63
146 75
147 33
148 65
149 35
150 71
151 45
152 40
153 99
154 59
155 67
156 91
157 28
158 97
159 65
160 39
161 76
162 66
163 29
164 60
165 9
166 20
167 41
168 54
169 85
170 95
171 41
172 72
173 85
174 28
175 36
176 80
177 34
178 26
179 10
180 65
181 0
182 65
183 31
184 47
185 39
186 60
187 38
188 46
189 36
190 94
191 85
192 94
193 92
194 49
195 60
196 21
197 29
198 8
199 61
200 86
201 17
202 0
203 18
204 54
205 57
206 38
207 14
208 70
209 44
210 47
211 31
212 29
213 76
214 13
215 70
216 52
217 50
218 70
219 42
220 93
221 60
222 30
223 50
224 16
225 25
226 2
227 53
228 24
229 78
230 52
231 51
232 78
233 52
234 55
235 98
236 3
237 31
238 21
239 40
240 77
241 76
242 12
243 96
244 33
245 19
246 90
247 13
248 76
249 32
250 39
251 34
252 36
253 69
254 45
255 41
256 92
257 58
258 0
259 3
260 5
261 88
262 60
263 16
264 13
265 64
266 84
267 4
268 86
269 11
270 25
271 49
272 77
273 3
274 32
275 29
276 7
277 1
278 45
279 89
280 81
281 71
282 5
283 16
284 63
285 26
286 15
287 81
288 60
289 68
290 79
291 44
292 11
293 67
294 95
295 19
296 73
297 58
298 16
299 34
300 87
301 90
302 37
303 54
304 89
305 9
306 91
307 19
308 17
309 71
310 98
311 89
312 7
313 29
314 91
315 51
316 7
317 39
318 15
319 55
320 23
321 15
322 99
323 26
324 6
325 12
326 42
327 57
328 20
329 98
330 45
331 79
332 19
333 34
334 94
335 62
336 35
337 30
338 45
339 16
340 79
341 80
342 40
343 30
344 84
345 43
346 97
347 59
348 96
349 32
350 94
