15
250
1 40
2 21
3 54
4 2
5 36
6 19
7 61
8 82
9 30
10 15
11 0
12 39
13 28
14 58
15 72
16 80
17 90
18 59
19 79
20 24
21 10
22 8
23 32
24 39
25 93
26 3
27 16
28 26
29 51
30 97
31 85
32 73
33 44
34 85
35 30
36 10
37 42
38 94
39 14
40 33
41 76
42 88
43 22
44 56
45 70
46 74
47 30
48 24
49 12
50 50
51 20
52 93
53 45
54 24
55 72
56 95
57 4
58 81
59 87
60 35
61 14
62 84
63 83
64 70
65 4
66 55
67 53
68 81
69 24
70 85
71 94
72 45
73 66
74 59
75 4
76 65
77 64
78 45
79 9
80 83
81 75
82 44
83 22
84 35
85 87
86 34
87 49
88 92
89 14
90 42
91 33
92 17
93 60
94 77
95 79
96 56
97 23
98 30
99 11
100 47
101 46
102 95
103 89
104 67
105 57
106 76
107 82
108 30
109 88
110 62
111 15
112 68
113 52
114 16
115 60
116 2
117 90
118 50
119 35
120 40
121 31
122 76
123 12
124 50
125 6
126 29
127 42
128 82
129 18
130 14
131 19
132 24
133 47
134 73
135 0
136 30
137 80
138 31
139 52
140 51
141 0
142 54
143 94
144 20
145 62
146 16
147 48
148 51
149 35
150 34
151 31
152 8
153 74
154 61
155 13
156 1
157 50
158 11
159 54
160 81
161 56
162 2
163 58
164 9
165 53
166 50
167 82
168 23
169 12
170 52
171 5
172 33
173 46
174 23
175 54
176 86
177 9
178 54
179 88
180 40
181 15
182 97
183 88
184 43
185 52
186 46
187 68
188 94
189 82
190 28
191 25
192 40
193 14
194 27
195 44
196 76
197 27
198 38
199 19
200 62
201 73
202 67
203 39
204 42
205 20
206 33
207 5
208 60
209 67
210 40
211 49
212 23
213 96
214 48
215 10
216 86
217 24
218 52
219 61
220 97
221 72
222 63
223 66
224 4
225 23
226 46
227 65
228 87
229 85
230 50
231 79
232 6
233 42
234 11
235 64
236 56
237 24
238 22
239 5
240 96
241 37
242 92
243 42
244 35
245 95
246 93
247 42
248 97
249 99
250 89
