15
250
1 47
2 0
3 67
4 67
5 21
6 41
7 17
8 35
9 24
10 39
11 18
12 6
13 93
14 0
15 12
16 71
17 21
18 79
19 58
20 4
21 5
22 2
23 82
24 3
25 32
26 3
27 8
28 35
29 99
30 83
31 16
32 70
33 24
34 23
35 74
36 59
37 2
38 80
39 39
40 30
41 42
42 89
43 15
44 90
45 67
46 79
47 74
48 59
49 20
50 41
51 80
52 48
53 58
54 54
55 36
56 57
57 14
58 60
59 54
60 96
61 33
62 70
63 13
64 79
65 23
66 74
67 85
68 58
69 98
70 25
71 58
72 4
73 88
74 0
75 38
76 17
77 16
78 70
79 80
80 18
81 44
82 76
83 92
84 57
85 89
86 33
87 69
88 79
89 97
90 6
91 87
92 63
93 7
94 53
95 71
96 97
97 65
98 91
99 4
100 81
101 29
102 11
103 46
104 71
105 49
106 44
107 25
108 1
109 74
110 86
111 33
112 96
113 13
114 17
115 3
116 27
117 54
118 75
119 36
120 28
121 33
122 39
123 54
124 57
125 10
126 29
127 51
128 72
129 14
130 63
131 27
132 64
133 68
134 63
135 46
136 68
137 62
138 15
139 42
140 42
141 52
142 62
143 42
144 1
145 19
146 54
147 64
148 55
149 76
150 2
151 82
152 10
153 4
154 90
155 45
156 61
157 76
158 85
159 3
160 48
161 34
162 31
163 6
164 98
165 90
166 69
167 38
168 64
169 63
170 43
171 52
172 78
173 34
174 92
175 30
176 84
177 18
178 97
179 6
180 64
181 99
182 56
183 94
184 0
185 84
186 11
187 71
188 64
189 11
190 30
191 39
192 85
193 76
194 18
195 89
196 71
197 87
198 64
199 11
200 17
201 76
202 46
203 74
204 48
205 81
206 49
207 79
208 91
209 77
210 21
211 27
212 90
213 91
214 97
215 29
216 93
217 63
218 62
219 43
220 89
221 14
222 60
223 94
224 42
225 61
226 8
227 76
228 92
229 23
230 49
231 45
232 0
233 37
234 14
235 86
236 13
237 7
238 33
239 85
240 61
241 17
242 10
243 41
244 18
245 52
246 47
247 19
248 19
249 19
250 48
