12
150
1 39
2 38
3 82
4 15
5 8
6 21
7 35
8 94
9 66
10 1
11 41
12 82
13 10
14 57
15 56
16 81
17 36
18 48
19 0
20 57
21 94
22 46
23 52
24 70
25 40
26 90
27 37
28 31
29 61
30 28
31 82
32 19
33 31
34 95
35 92
36 24
37 4
38 48
39 98
40 36
41 73
42 83
43 26
44 60
45 6
46 26
47 48
48 50
49 65
50 39
51 73
52 6
53 20
54 34
55 80
56 93
57 68
58 33
59 17
60 63
61 83
62 81
63 15
64 91
65 38
66 7
67 32
68 9
69 45
70 59
71 24
72 13
73 9
74 16
75 90
76 7
77 15
78 44
79 99
80 3
81 51
82 36
83 81
84 77
85 96
86 5
87 49
88 73
89 11
90 34
91 74
92 98
93 19
94 2
95 69
96 62
97 64
98 81
99 66
100 40
101 77
102 99
103 77
104 73
105 52
106 57
107 98
108 3
109 80
110 12
111 90
112 32
113 30
114 48
115 38
116 23
117 77
118 79
119 19
120 70
121 96
122 79
123 5
124 45
125 86
126 51
127 34
128 10
129 17
130 49
131 62
132 31
133 76
134 55
135 76
136 92
137 55
138 20
139 28
140 37
141 62
142 11
143 45
144 53
145 82
146 77
147 95
148 88
149 3
150 96
