18
350
1 84
2 53
3 98
4 56
5 27
6 62
7 22
8 50
9 65
10 81
11 60
12 88
13 5
14 79
15 84
16 1
17 54
18 17
19 53
20 67
21 30
22 22
23 5
24 0
25 32
26 25
27 35
28 22
29 1
30 61
31 8
32 46
33 47
34 6
35 74
36 76
37 50
38 31
39 88
40 50
41 28
42 62
43 8
44 14
45 52
46 72
47 66
48 50
49 72
50 3
51 1
52 87
53 7
54 42
55 84
56 26
57 50
58 92
59 71
60 80
61 58
62 80
63 33
64 8
65 72
66 57
67 78
68 91
69 42
70 62
71 66
72 39
73 26
74 5
75 41
76 13
77 37
78 93
79 62
80 74
81 40
82 43
83 99
84 89
85 67
86 22
87 79
88 47
89 64
90 51
91 78
92 19
93 64
94 48
95 2
96 34
97 30
98 11
99 35
100 72
101 52
102 24
103 54
104 81
105 25
106 17
107 7
108 19
109 69
110 42
111 17
112 3
113 4
114 93
115 71
116 79
117 79
118 27
119 8
120 36
121 10
122 97
123 68
124 25
125 3
126 2
127 98
128 88
129 88
130 98
131 23
132 52
133 51
134 17
135 54
136 65
137 47
138 74
139 2
140 96
141 7
142 7
143 48
144 51
145 3
146 94
147 29
148 29
149 95
150 73
151 4
152 23
153 24
154 94
155 38
156 68
157 70
158 87
159 59
160 15
161 56
162 42
163 20
164 30
165 8
166 45
167 10
168 77
169 6
170 45
171 63
172 6
173 20
174 48
175 66
176 81
177 28
178 13
179 46
180 21
181 14
182 47
183 74
184 58
185 78
186 43
187 3
188 5
189 74
190 5
191 79
192 81
193 45
194 78
195 66
196 12
197 70
198 79
199 28
200 3
201 0
202 5
203 37
204 39
205 31
206 80
207 41
208 5
209 69
210 82
211 69
212 25
213 1
214 27
215 28
216 71
217 28
218 27
219 95
220 27
221 62
222 25
223 75
224 36
225 82
226 26
227 71
228 75
229 14
230 53
231 30
232 22
233 71
234 18
235 56
236 99
237 1
238 97
239 55
240 47
241 65
242 14
243 94
244 66
245 51
246 60
247 96
248 56
249 6
250 67
251 90
252 63
253 22
254 43
255 22
256 83
257 81
258 42
259 25
260 2
261 31
262 66
263 30
264 90
265 37
266 17
267 5
268 48
269 54
270 1
271 82
272 32
273 92
274 57
275 89
276 75
277 52
278 25
279 75
280 20
281 76
282 42
283 65
284 40
285 40
286 63
287 37
288 94
289 73
290 59
291 39
292 91
293 70
294 85
295 21
296 67
297 77
298 93
299 39
300 96
301 93
302 10
303 82
304 38
305 49
306 93
307 31
308 29
309 6
310 76
311 13
312 24
313 27
314 37
315 83
316 88
317 1
318 65
319 1
320 53
321 42
322 9
323 74
324 51
325 43
326 96
327 34
328 85
329 26
330 75
331 90
332 59
333 22
334 74
335 49
336 79
337 54
338 97
339 27
340 76
341 66
342 3
343 98
344 42
345 21
346 38
347 84
348 37
349 96
350 52
