24
600
1 41
2 99
3 71
4 27
5 31
6 21
7 75
8 8
9 94
10 24
11 31
12 79
13 85
14 70
15 92
16 64
17 33
18 54
19 80
20 10
21 60
22 38
23 77
24 66
25 51
26 97
27 78
28 47
29 51
30 88
31 11
32 98
33 47
34 4
35 82
36 14
37 94
38 53
39 64
40 98
41 1
42 3
43 71
44 80
45 49
46 86
47 31
48 50
49 34
50 80
51 0
52 3
53 3
54 18
55 85
56 95
57 53
58 95
59 63
60 20
61 44
62 99
63 73
64 94
65 41
66 76
67 52
68 10
69 22
70 87
71 16
72 20
73 32
74 1
75 30
76 50
77 98
78 64
79 66
80 49
81 13
82 74
83 48
84 98
85 68
86 14
87 34
88 98
89 82
90 98
91 73
92 48
93 22
94 29
95 37
96 32
97 57
98 85
99 48
100 6
101 73
102 17
103 27
104 80
105 91
106 90
107 28
108 49
109 76
110 48
111 12
112 55
113 60
114 8
115 93
116 32
117 6
118 88
119 28
120 46
121 24
122 63
123 76
124 60
125 71
126 63
127 43
128 97
129 49
130 29
131 86
132 11
133 83
134 88
135 65
136 84
137 74
138 63
139 61
140 31
141 2
142 73
143 46
144 46
145 69
146 3
147 62
148 61
149 65
150 29
151 71
152 26
153 29
154 81
155 9
156 44
157 67
158 93
159 46
160 95
161 32
162 8
163 91
164 29
165 25
166 41
167 90
168 39
169 73
170 15
171 38
172 90
173 36
174 45
175 96
176 85
177 82
178 90
179 79
180 17
181 23
182 21
183 74
184 97
185 59
186 89
187 90
188 75
189 37
190 75
191 36
192 71
193 85
194 57
195 10
196 20
197 7
198 10
199 29
200 9
201 8
202 7
203 74
204 27
205 71
206 70
207 26
208 8
209 17
210 74
211 96
212 19
213 41
214 36
215 87
216 72
217 48
218 89
219 46
220 70
221 50
222 85
223 59
224 42
225 10
226 92
227 23
228 55
229 80
230 76
231 15
232 95
233 35
234 74
235 45
236 45
237 43
238 54
239 11
240 7
241 24
242 26
243 66
244 84
245 46
246 94
247 8
248 0
249 78
250 68
251 62
252 77
253 65
254 75
255 80
256 3
257 1
258 70
259 70
260 86
261 80
262 23
263 76
264 35
265 30
266 33
267 52
268 53
269 47
270 95
271 48
272 27
273 33
274 94
275 48
276 28
277 84
278 71
279 97
280 98
281 63
282 67
283 96
284 39
285 3
286 53
287 62
288 10
289 52
290 58
291 60
292 99
293 36
294 71
295 76
296 87
297 1
298 66
299 42
300 31
301 99
302 90
303 57
304 74
305 71
306 55
307 62
308 26
309 35
310 91
311 20
312 44
313 5
314 72
315 87
316 97
317 76
318 30
319 31
320 71
321 78
322 8
323 64
324 32
325 8
326 11
327 14
328 85
329 20
330 16
331 47
332 30
333 72
334 59
335 58
336 78
337 74
338 12
339 85
340 71
341 92
342 6
343 3
344 48
345 62
346 35
347 59
348 67
349 50
350 4
351 1
352 30
353 39
354 93
355 22
356 17
357 39
358 77
359 4
360 35
361 99
362 96
363 23
364 79
365 6
366 2
367 7
368 6
369 81
370 34
371 27
372 74
373 86
374 71
375 72
376 25
377 81
378 19
379 16
380 96
381 56
382 85
383 37
384 51
385 74
386 9
387 98
388 28
389 50
390 28
391 8
392 16
393 78
394 76
395 51
396 18
397 4
398 39
399 99
400 10
401 6
402 60
403 63
404 28
405 98
406 56
407 80
408 87
409 81
410 84
411 99
412 57
413 88
414 63
415 87
416 35
417 13
418 82
419 45
420 19
421 80
422 31
423 86
424 85
425 86
426 76
427 54
428 34
429 19
430 82
431 19
432 6
433 40
434 82
435 38
436 5
437 0
438 75
439 42
440 15
441 88
442 91
443 19
444 70
445 46
446 84
447 94
448 49
449 95
450 91
451 10
452 26
453 82
454 39
455 16
456 36
457 41
458 27
459 12
460 84
461 82
462 47
463 83
464 22
465 51
466 97
467 86
468 13
469 95
470 2
471 9
472 11
473 29
474 91
475 13
476 98
477 31
478 9
479 19
480 93
481 72
482 85
483 13
484 19
485 59
486 33
487 16
488 99
489 28
490 57
491 50
492 75
493 22
494 33
495 7
496 11
497 47
498 81
499 66
500 95
501 23
502 63
503 24
504 9
505 43
506 84
507 15
508 38
509 55
510 18
511 22
512 19
513 72
514 46
515 3
516 16
517 8
518 95
519 56
520 72
521 39
522 79
523 70
524 65
525 98
526 98
527 70
528 19
529 40
530 80
531 6
532 44
533 81
534 27
535 92
536 12
537 76
538 27
539 15
540 26
541 77
542 11
543 67
544 35
545 39
546 62
547 47
548 77
549 4
550 54
551 38
552 13
553 3
554 12
555 15
556 80
557 19
558 4
559 22
560 0
561 34
562 0
563 78
564 91
565 1
566 86
567 29
568 68
569 99
570 43
571 69
572 33
573 10
574 60
575 62
576 21
577 45
578 55
579 89
580 32
581 92
582 14
583 10
584 29
585 82
586 52
587 10
588 52
589 1
590 9
591 9
592 61
593 37
594 29
595 19
596 65
597 78
598 60
599 62
600 5
