21
450
1 99
2 21
3 79
4 39
5 24
6 57
7 38
8 47
9 40
10 1
11 95
12 88
13 81
14 17
15 59
16 76
17 61
18 52
19 23
20 76
21 96
22 41
23 45
24 5
25 31
26 66
27 48
28 3
29 34
30 66
31 11
32 14
33 17
34 9
35 53
36 4
37 85
38 23
39 46
40 1
41 87
42 6
43 74
44 47
45 34
46 0
47 39
48 97
49 82
50 97
51 88
52 26
53 49
54 72
55 76
56 98
57 61
58 34
59 58
60 62
61 69
62 41
63 15
64 98
65 77
66 68
67 75
68 56
69 5
70 97
71 93
72 75
73 41
74 46
75 61
76 78
77 95
78 97
79 0
80 59
81 82
82 2
83 14
84 69
85 83
86 59
87 33
88 86
89 56
90 72
91 74
92 50
93 29
94 84
95 9
96 85
97 10
98 57
99 91
100 99
101 26
102 40
103 96
104 6
105 62
106 29
107 27
108 16
109 35
110 83
111 45
112 0
113 86
114 91
115 57
116 60
117 30
118 48
119 59
120 1
121 64
122 62
123 12
124 3
125 74
126 95
127 10
128 72
129 42
130 72
131 50
132 8
133 82
134 48
135 78
136 34
137 22
138 44
139 18
140 34
141 34
142 19
143 2
144 74
145 10
146 77
147 74
148 4
149 4
150 88
151 30
152 31
153 36
154 94
155 33
156 38
157 84
158 54
159 50
160 2
161 47
162 13
163 64
164 67
165 61
166 13
167 48
168 23
169 36
170 10
171 9
172 23
173 96
174 97
175 89
176 79
177 14
178 58
179 47
180 48
181 59
182 42
183 51
184 56
185 65
186 75
187 31
188 74
189 40
190 44
191 48
192 85
193 70
194 24
195 70
196 41
197 61
198 10
199 5
200 33
201 85
202 55
203 59
204 39
205 50
206 21
207 23
208 25
209 37
210 40
211 97
212 44
213 50
214 7
215 82
216 16
217 47
218 69
219 23
220 72
221 64
222 22
223 60
224 24
225 55
226 73
227 46
228 13
229 64
230 28
231 6
232 24
233 93
234 71
235 18
236 71
237 3
238 38
239 95
240 17
241 8
242 86
243 89
244 25
245 14
246 67
247 6
248 75
249 90
250 52
251 25
252 15
253 59
254 95
255 39
256 74
257 46
258 73
259 93
260 83
261 89
262 90
263 74
264 87
265 68
266 2
267 85
268 62
269 51
270 16
271 34
272 11
273 67
274 4
275 85
276 22
277 62
278 65
279 23
280 12
281 82
282 56
283 2
284 63
285 38
286 64
287 69
288 17
289 22
290 99
291 60
292 88
293 76
294 93
295 66
296 60
297 93
298 0
299 12
300 21
301 99
302 5
303 3
304 95
305 6
306 27
307 39
308 92
309 54
310 54
311 6
312 13
313 82
314 65
315 80
316 37
317 59
318 53
319 49
320 47
321 52
322 19
323 57
324 51
325 50
326 65
327 13
328 97
329 85
330 22
331 75
332 23
333 98
334 91
335 60
336 9
337 53
338 5
339 57
340 65
341 18
342 69
343 47
344 36
345 71
346 0
347 32
348 76
349 45
350 13
351 80
352 94
353 80
354 89
355 74
356 85
357 6
358 73
359 52
360 44
361 96
362 82
363 81
364 44
365 80
366 59
367 69
368 44
369 95
370 16
371 53
372 32
373 99
374 84
375 89
376 83
377 33
378 32
379 7
380 85
381 12
382 73
383 69
384 92
385 74
386 81
387 37
388 65
389 28
390 3
391 59
392 99
393 78
394 14
395 36
396 65
397 69
398 32
399 79
400 78
401 93
402 62
403 37
404 79
405 11
406 17
407 61
408 48
409 0
410 45
411 51
412 55
413 93
414 41
415 5
416 50
417 65
418 23
419 12
420 39
421 37
422 0
423 65
424 55
425 3
426 25
427 11
428 25
429 74
430 11
431 78
432 46
433 23
434 5
435 27
436 70
437 77
438 92
439 62
440 56
441 15
442 91
443 70
444 14
445 50
446 80
447 55
448 4
449 7
450 12
