15
250
1 96
2 59
3 61
4 33
5 78
6 91
7 78
8 71
9 18
10 14
11 93
12 96
13 51
14 8
15 76
16 95
17 67
18 15
19 50
20 61
21 13
22 15
23 95
24 16
25 3
26 70
27 57
28 32
29 67
30 56
31 4
32 26
33 2
34 59
35 37
36 55
37 35
38 75
39 61
40 85
41 3
42 27
43 94
44 33
45 29
46 4
47 83
48 65
49 1
50 74
51 69
52 60
53 62
54 64
55 27
56 97
57 44
58 36
59 6
60 33
61 70
62 93
63 2
64 58
65 45
66 61
67 60
68 8
69 46
70 96
71 92
72 74
73 45
74 3
75 28
76 23
77 13
78 17
79 44
80 3
81 62
82 33
83 2
84 98
85 87
86 60
87 2
88 91
89 97
90 34
91 26
92 65
93 61
94 8
95 15
96 95
97 60
98 26
99 71
100 42
101 89
102 20
103 52
104 38
105 45
106 29
107 23
108 38
109 36
110 8
111 75
112 4
113 5
114 91
115 69
116 29
117 18
118 39
119 63
120 33
121 53
122 6
123 97
124 60
125 55
126 52
127 35
128 6
129 36
130 36
131 82
132 52
133 6
134 26
135 8
136 68
137 63
138 95
139 35
140 74
141 12
142 97
143 46
144 17
145 50
146 42
147 57
148 59
149 52
150 64
151 18
152 40
153 1
154 39
155 6
156 30
157 30
158 46
159 83
160 30
161 36
162 56
163 73
164 27
165 15
166 11
167 28
168 45
169 70
170 64
171 43
172 64
173 6
174 19
175 71
176 90
177 66
178 4
179 91
180 67
181 34
182 19
183 36
184 8
185 85
186 36
187 98
188 64
189 1
190 60
191 94
192 40
193 89
194 85
195 24
196 77
197 49
198 69
199 60
200 61
201 54
202 55
203 0
204 30
205 63
206 66
207 77
208 58
209 49
210 46
211 55
212 57
213 98
214 9
215 44
216 85
217 56
218 99
219 33
220 85
221 24
222 82
223 56
224 48
225 75
226 73
227 94
228 0
229 89
230 96
231 81
232 67
233 1
234 57
235 74
236 90
237 49
238 50
239 28
240 3
241 38
242 56
243 1
244 37
245 50
246 29
247 42
248 34
249 86
250 78
